20140218,353.6500,355.7300,349.4500,355.2800,4998000
20140219,347.3800,354.5400,346.1000,352.6400,4168100
20140220,349.8000,350.4600,344.3800,348.8000,3492800
20140221,346.7600,354.1400,346.7500,352.4400,4210000
20140224,351.7800,353.0000,343.2900,345.1900,3644700
20140225,358.3200,361.0800,351.5800,353.0000,3736400
20140226,359.8000,364.7500,357.1700,359.8600,3622100
20140227,360.1300,360.5900,355.5000,357.2200,3104900
20140228,362.1000,365.8700,357.0800,360.6000,3882000
20140303,359.7800,360.9600,354.4800,358.7400,2798300
20140304,363.9000,365.6800,362.4600,363.9000,2704400
20140305,372.3700,372.7300,363.9000,364.1300,3848300
20140306,372.1600,375.3300,368.9000,374.0500,2926600
20140307,372.0600,374.9900,369.5300,374.5800,2279800
20140310,370.5300,372.7300,367.0000,372.6900,2105800
20140311,368.8200,372.8000,367.2800,370.9900,2246100
20140312,370.6400,371.1600,363.6100,366.4000,2216600
20140313,371.5100,383.1100,368.0800,376.6200,6829000
20140314,373.7400,378.5700,371.5500,372.8000,4402200
20140317,375.0400,378.8500,374.8800,375.7200,2303000
20140318,378.7700,379.0000,375.0000,377.3200,2483500
20140319,373.2300,379.0000,369.4200,378.7700,2646700
20140320,368.9700,373.0000,366.2200,370.6400,2558500
20140321,360.6200,372.8400,358.4000,371.0000,5414100
20140324,351.8500,361.5000,348.6000,360.0900,4873500
20140325,354.7100,358.9700,348.8400,354.0300,4445700
20140326,343.4100,357.6000,343.4000,357.1300,4120700
20140327,338.4700,344.0000,330.8800,343.1500,5766400
20140328,338.2900,347.0000,336.0800,340.0500,3986800
20140331,336.3700,346.2900,334.0600,342.4000,4297500
20140401,342.9900,344.4300,338.0000,338.0900,3600100
20140402,341.9600,348.3000,340.3800,345.9900,4475500
20140403,333.6200,342.5000,328.4600,341.8200,6399300
20140404,323.0000,335.4400,315.6100,335.1500,12534600
20140407,317.7600,324.9400,313.1300,320.9900,7077400
20140408,327.0700,328.0000,318.4400,321.8800,6577600
20140409,331.8100,332.1800,322.5000,328.4700,5056600
20140410,317.1100,331.0000,316.5000,330.6000,6126700
20140411,311.7300,316.5000,309.5000,314.0000,7287500
20140414,315.9100,320.4800,311.2800,317.6700,4293500
20140415,316.0800,318.2800,305.5000,316.7000,5398600
20140416,323.6800,324.0000,314.7100,321.1700,4284900
20140417,324.9100,328.6600,319.7600,319.7600,4299200
20140421,330.8700,331.1500,322.3100,323.9700,2999400
20140422,329.3200,337.5000,328.9400,332.0000,3711600
20140423,324.5800,333.1300,323.3900,333.0600,3604600
20140424,337.1500,337.4000,322.9500,329.6700,9293700
20140425,303.8300,316.4900,302.7100,316.2500,16180200
20140428,296.5800,304.3900,288.0000,304.0000,14479800
20140429,300.3800,301.8400,290.4500,296.4400,6509300
20140430,304.1300,304.5600,298.1000,298.1000,4088600
20140501,307.8900,310.4800,304.0000,304.1300,4328600
20140502,308.0100,313.2900,304.3100,310.4200,3995100
20140505,310.0500,310.2300,305.0000,306.3700,2519900
20140506,297.3800,309.8100,297.0400,309.5300,4682300
20140507,292.7100,296.4000,286.6800,295.5600,7015200
20140508,288.3200,295.8800,287.2300,290.8200,3848200
20140509,292.2400,293.6800,284.3800,290.5700,4063000
20140512,302.8600,303.3400,294.1600,294.3000,3729600
20140513,304.6400,305.6000,300.7500,302.6000,3509900
20140514,297.6200,304.6400,296.6600,302.5000,3323300
20140515,295.1900,299.2000,290.3800,298.0200,4295100
20140516,297.7000,298.8800,291.5500,292.8000,3636800
20140519,296.7600,299.0000,293.8100,295.7600,2284200
20140520,301.1900,304.4600,296.7500,297.1000,4095700
20140521,305.0100,305.9600,301.5200,302.2100,3408800
20140522,304.9100,308.5400,303.0100,305.0500,2576800
20140523,312.2400,312.3500,304.9000,305.4600,3052900
20140527,310.8200,314.6300,307.3800,314.4100,4862100
20140528,310.1600,313.8200,307.4200,309.5000,2726000
20140529,313.7800,314.8700,310.2000,310.4200,2365500
20140530,312.5500,314.6500,307.5700,314.4300,4260200
20140602,308.8400,312.6000,307.0000,312.5900,2203400
20140603,307.1900,307.9200,305.0700,305.7500,2379200
20140604,306.7800,309.5000,303.8400,306.8500,2107100
20140605,323.5700,327.9400,306.9000,308.1000,7796700
20140606,329.6700,330.8800,324.9300,325.0000,5244000
20140609,327.5000,333.0000,325.6500,331.5700,3212200
20140610,332.4100,335.5000,327.5000,327.6500,3663400
20140611,335.2000,340.7200,333.8800,336.0000,4436800
20140612,325.9100,335.5500,324.6600,335.5500,4276300
20140613,326.2700,329.3000,323.5300,327.0500,2764800
20140616,327.6200,328.6900,323.5200,324.8600,2449800
20140617,325.6200,331.3400,325.2300,327.5400,2924100
20140618,334.3800,335.7500,325.0000,328.0000,6401500
20140619,327.0000,338.9000,325.9800,335.2600,5320600
20140620,324.2000,328.2200,320.4200,327.7600,6054000
20140623,327.2400,327.5500,321.4100,323.3300,2604800
20140624,324.1600,329.7300,322.7400,327.5400,2626600
20140625,327.4400,328.1500,321.7400,324.3300,2327800
20140626,325.6900,328.6500,322.1300,328.4900,2699500
20140627,324.5700,326.5200,323.2700,325.8800,2416200
20140630,324.7800,326.9800,322.2400,324.9800,2671300
20140701,332.3900,333.2000,325.1000,325.8600,3173600
20140702,332.8500,336.7600,331.6600,333.2000,2681300
20140703,337.4900,338.3000,333.0800,334.8300,1944300
20140707,333.5500,337.5500,332.5200,337.5000,2128900
20140708,323.8100,333.7400,321.4000,333.1000,4271600
20140709,329.9700,330.2000,323.1500,324.7100,3166100
20140710,327.9200,329.9800,322.6500,324.3400,2665000
20140711,346.2000,347.0000,334.7100,334.7100,8300800
20140714,355.3200,355.7700,345.3600,347.0300,5609900
20140715,354.4400,355.5900,349.4000,353.7200,4170900
20140716,355.9000,359.3200,353.0000,355.6200,3503600
20140717,352.4500,356.9600,351.3800,353.4400,3636000
20140718,358.6600,359.6800,352.0800,354.4000,3407400
20140721,359.7600,361.7100,356.7200,358.1000,2278400
20140722,360.8400,362.9300,355.2500,355.2500,2888900
20140723,358.1400,360.6300,356.6200,359.0500,2687300
20140724,358.6100,364.8500,358.5200,359.9800,7088700
20140725,324.0100,324.8700,314.7600,317.3000,17846500
20140728,320.4100,324.8200,316.5000,324.2500,5932000
20140729,320.0000,322.9000,319.5000,321.9800,2883800
20140730,322.5100,322.7300,318.5000,321.4500,3969000
20140731,312.9900,320.6800,311.8600,320.0100,5192000
20140801,307.0600,315.8300,304.5900,313.6900,7441500
20140804,313.6500,316.1800,308.5000,308.8400,4200900
20140805,312.3200,314.5500,310.0600,313.3000,2852100
20140806,313.8900,315.7800,310.2000,310.8300,2296900
20140807,311.4500,315.8800,309.6500,315.2100,2935600
20140808,316.8000,317.3200,310.6600,311.9400,2705900
20140811,318.3300,320.3800,316.8800,318.4800,2468600
20140812,319.3200,321.3100,316.9500,318.8900,1915800
20140813,326.2800,331.7200,326.1400,327.6000,4939100
20140814,333.2100,334.0900,326.7100,327.8000,3420400
20140815,333.6300,335.0000,328.3200,334.0000,3896700
20140818,334.5300,337.8000,333.7700,335.4800,2485400
20140819,335.1300,335.8100,333.0100,334.8700,1713800
20140820,335.7800,337.1600,334.0200,334.6800,1810500
20140821,332.9100,336.5800,332.2300,336.4800,1971100
20140822,331.5900,334.0800,330.8000,332.9900,2211200
20140825,334.0200,336.7700,332.7100,333.2100,1957700
20140826,341.8300,344.3600,334.5500,337.0000,3654700
20140827,343.1800,346.6700,341.3400,342.0900,2961600
20140828,340.0200,341.7900,338.8000,340.0000,2252700
20140829,339.0400,341.8200,337.6800,341.7600,1939500
20140902,342.3800,342.5000,337.1600,339.9800,2326000
20140903,339.0000,343.2700,337.5500,342.5400,1993700
20140904,345.9500,349.3800,343.5800,343.6900,3965600
20140905,346.3800,346.8300,342.5000,346.3000,2107000
20140908,342.3400,345.8100,339.0400,344.5400,2955300
20140909,329.7500,341.7600,329.1800,341.6100,4646800
20140910,331.3300,334.9800,328.8200,334.3000,3797400
20140911,330.5200,333.0100,326.3900,329.9400,2720200
20140912,331.1900,332.8900,328.7900,329.5600,3429300
20140915,323.8900,331.3300,319.0000,330.9100,4000400
20140916,327.7600,329.4800,320.1000,321.0700,3259900
20140917,324.0000,328.0000,321.5200,327.7600,4136000
20140918,325.0000,327.1000,323.7100,325.4400,2576900
20140919,331.3200,332.7600,325.5700,327.6000,6886200
20140922,324.5000,329.4900,321.0600,328.4900,3109700
20140923,323.6300,327.6000,321.2500,322.4600,2352600
20140924,328.2100,329.4400,319.5600,324.1700,2642200
20140925,321.9300,328.5400,321.4000,327.9900,2928800
20140926,323.2100,323.5000,317.6400,320.6000,3638000
20140929,321.8200,323.7500,319.0000,320.5000,1924600
20140930,322.4400,323.4300,318.5100,321.3600,2636200
20141001,317.4600,322.1700,315.5500,322.0400,3089100
20141002,318.4100,318.5300,311.3100,316.9200,3553900
20141003,322.7400,325.1600,319.5300,320.3600,3037400
20141006,322.2000,324.1300,319.6000,323.5000,2290300
20141007,316.9800,322.0000,316.6700,319.4300,2365400
20141008,322.7000,324.1100,314.1400,316.5800,3452800
20141009,315.3700,322.2700,314.5200,321.4900,3587900
20141010,311.3900,317.7700,311.3800,314.0200,3681900
20141013,306.4500,313.2000,303.4700,309.8700,4363900
20141014,308.3100,312.2400,305.7500,308.0000,3385800
20141015,305.9700,307.9000,299.1000,304.3500,5343900
20141016,302.8600,306.8200,293.8300,293.8300,4731300
20141017,303.6400,309.2000,302.7200,307.1500,4405100
20141020,306.2100,306.5300,302.0200,302.9500,3234500
20141021,315.3300,315.6400,307.0700,309.9000,3559300
20141022,312.9700,318.9800,312.6400,315.4300,3125900
20141023,313.1800,316.8000,311.4000,313.4000,9038200
20141024,287.0600,293.8100,284.0000,284.4000,19801100
20141027,289.9700,290.4200,285.0200,285.7000,5950600
20141028,295.5900,298.0000,289.7600,289.7600,5572600
20141029,294.1200,299.6100,293.0700,299.1100,4881900
20141030,299.0700,299.7400,292.3600,293.9800,4055200
20141031,305.4600,305.7200,301.5000,305.1500,4550700
20141103,305.7200,308.0100,303.2400,306.2400,3242500
20141104,302.8100,304.2500,300.1700,303.9900,3427400
20141105,296.5200,304.0000,294.1600,303.0100,4674500
20141106,296.6400,297.0000,292.2900,296.6900,3758100
20141107,299.8600,299.9900,296.2900,297.8200,2647400
20141110,305.1100,305.8000,300.0000,300.0000,2809100
20141111,312.0100,312.3800,303.6500,305.9400,3803600
20141112,311.5100,312.5800,308.7900,310.7500,2183000
20141113,316.4800,317.8900,311.5100,312.0000,3686400
20141114,327.8200,332.8800,316.4000,317.1200,8877800
20141117,323.0500,328.0000,318.0300,326.4400,4784900
20141118,324.9300,329.5600,323.2500,323.9900,3549500
20141119,326.5400,328.4000,324.0200,327.2500,3281600
20141120,330.5400,332.6700,323.3300,324.0000,3436700
20141121,332.6300,338.3300,331.4700,335.4200,4466600
20141124,335.6400,337.3900,333.6000,334.7800,2754200
20141125,335.0400,336.3300,331.2800,335.2700,2565000
20141126,333.5700,334.6500,331.7500,333.7800,1983600
20141128,338.6400,341.2600,336.0300,336.0300,3051800
20141201,326.0000,340.6400,325.9300,338.1200,4944900
20141202,326.3100,327.9300,323.2500,327.5000,2790300
20141203,316.5000,326.7700,314.3600,325.7300,5681000
20141204,316.9300,318.5900,313.4700,315.5300,3290300
20141205,312.6300,316.9300,310.8400,316.8000,3265200
20141208,306.6400,316.5600,304.8200,311.5700,3639200
20141209,312.5000,313.6400,301.1400,302.9900,4049500
20141210,305.8400,313.1900,304.6800,312.0000,3245900
20141211,307.3600,312.6400,306.0100,307.8900,3262900
20141212,307.3200,310.6400,303.0100,303.9900,3153500
20141215,306.0700,310.8600,302.1500,308.8700,3841600
20141216,295.0600,304.4900,295.0100,304.3500,6501300
20141217,298.8800,299.6700,293.0300,296.3700,4433500
20141218,297.7300,304.5000,293.2500,304.0100,7738100
20141219,299.9000,301.5400,295.5200,296.9100,8709100
20141222,306.5400,307.3600,301.9400,301.9400,4003800
20141223,306.2900,307.4900,303.2500,306.9800,2713700
20141224,303.0300,307.0000,302.8800,306.3800,1513800
20141226,309.0900,310.7800,303.8100,305.0000,2893800
20141229,312.0400,314.2700,306.5800,307.8500,3009000
20141230,310.3000,313.9400,309.3400,309.9100,2093000
20141231,310.3500,312.9800,310.0100,311.5500,2048000
20150102,308.5200,314.7500,306.9600,312.5800,2783200
20150105,302.1900,308.3800,300.8500,307.0100,2774200
20150106,295.2900,303.0000,292.3800,302.2400,3519000
20150107,298.4200,301.2800,295.3300,297.5000,2640300
20150108,300.4600,303.1400,296.1100,300.3200,3088400
20150109,296.9300,302.8700,296.6800,301.4800,2592400
20150112,291.4100,298.5100,289.2800,297.5600,3421400
20150113,294.7400,301.5000,293.2300,297.4800,4136400
20150114,293.2700,295.9100,286.5000,291.9300,5464600
20150115,286.9500,296.0000,286.8200,294.0000,4419200
20150116,290.7400,290.7900,285.2500,286.2800,3478200
20150120,289.4400,293.3600,286.3900,292.5900,3075100
20150121,297.2500,306.0000,287.2600,289.6400,10065100
20150122,310.3200,312.2500,300.0000,300.0000,5362600
20150123,312.3900,316.9300,307.7200,308.0800,4496400
20150126,309.6600,313.0000,307.5200,311.8200,3169700
20150127,306.7500,310.2400,302.6300,306.3000,2920300
20150128,303.9100,311.5100,303.8000,309.8100,3063800
20150129,311.7800,312.8000,299.3300,304.7300,8656600
20150130,354.5300,359.5000,340.7400,346.3200,23856100
20150202,364.4700,365.0000,350.0100,350.0500,10231900
20150203,363.5500,367.8200,360.2100,360.2900,6212600
20150204,364.7500,367.5000,358.2300,358.3800,4169900
20150205,373.8900,378.8000,365.9000,366.0000,7247600
20150206,374.2800,375.9900,371.0100,374.8700,3892400
20150209,370.5600,374.4100,367.2000,371.0000,2724600
20150210,373.0000,374.3000,368.5100,371.1900,2287200
20150211,375.1400,377.1000,371.1000,371.2300,2786500
20150212,377.1700,378.5100,373.1500,375.1000,2791100
20150213,381.8300,383.0000,377.0100,378.4100,3475100
20150217,375.4300,379.9900,372.6700,377.7200,3673200
20150218,373.3700,376.7400,372.8500,373.7800,2650600
20150219,379.0000,381.8800,373.4300,373.4900,2953800
20150220,383.6600,383.7000,375.8400,378.6200,3258000
20150223,380.1400,384.5400,378.0000,383.4400,2177000
20150224,378.5900,380.4800,376.1600,378.6500,1920800
20150225,385.3700,387.8500,376.5400,377.2700,3174500
20150226,384.8000,389.3700,383.2800,384.0700,2687100
20150227,380.1600,385.9900,379.7900,384.0000,2532300
20150302,385.6600,385.9000,379.4800,380.8500,2139200
20150303,384.6100,386.1000,381.6000,383.9500,1946500
20150304,382.7200,387.9000,382.1900,385.7100,2259100
20150305,387.8300,388.4200,383.8900,385.6100,2693500
20150306,380.0900,387.0000,378.8800,385.5200,2627000
20150309,378.5600,379.3300,375.2800,378.4000,2311400
20150310,369.5100,377.7700,369.1800,377.4500,3121000
20150311,366.3700,373.3500,366.2600,370.6100,2495100
20150312,374.2400,375.5000,367.5200,368.8200,2810000
20150313,370.5800,373.9900,366.6800,371.5200,2611700
20150316,373.3500,373.9400,366.7200,370.3800,2354100
20150317,371.9200,374.5000,369.6400,371.1100,2037000
20150318,375.1400,375.9900,366.7000,369.9700,2654100
20150319,373.2400,377.1100,372.1900,373.8700,1915700
20150320,378.4900,379.3700,375.9200,376.2900,3763600
20150323,375.1100,381.7700,374.9400,378.0700,2239300
20150324,374.0900,375.2400,372.2700,373.9900,2228200
20150325,370.9600,380.5000,370.2900,375.1700,3429500
20150326,367.3500,371.4000,365.6500,369.5900,2930000
20150327,370.5600,373.1700,366.5700,367.1100,2609800
20150330,374.5900,376.1200,371.5500,371.8700,1820900
20150331,372.1000,377.7000,371.5100,373.2400,2506100
20150401,370.2600,373.1600,368.3400,372.1000,2458100
20150402,372.2500,373.2800,369.0000,370.5000,1875300
20150406,377.0400,380.2000,369.3600,370.1000,3050700
20150407,374.4100,379.3100,374.0300,376.1500,1954900
20150408,381.2000,381.5800,374.6500,374.6600,2636400
20150409,383.5400,384.4200,378.8000,380.6600,2392300
20150410,382.6500,387.1200,381.3200,384.3100,2573500
20150413,382.3600,385.2800,380.1400,383.5300,1894500
20150414,385.1100,387.8100,381.2100,383.5100,2583600
20150415,383.4500,385.7800,381.6400,384.6500,1933200
20150416,386.0400,387.4500,383.5500,383.6900,2080400
20150417,375.5600,383.5600,374.4000,382.6300,3839700
20150420,389.5100,391.9400,377.0000,378.5500,5016100
20150421,391.1800,394.6000,386.8000,391.3100,4643500
20150422,389.8000,394.2800,388.0000,391.9100,3474700
20150423,389.9900,391.8800,386.1500,390.2100,7980000
20150424,445.1000,452.6500,439.0000,439.0000,17176900
20150427,438.5600,446.9900,437.4100,443.8600,5430900
20150428,429.3100,439.0000,428.0400,438.5100,4140500
20150429,429.3700,434.2400,426.0300,426.7500,3621700
20150430,421.7800,431.7500,419.2400,427.1100,3647900
20150501,422.8700,425.6400,416.0000,423.8200,3565800
20150504,423.0400,429.7700,422.4200,424.8000,2270400
20150505,421.1900,427.5100,421.0200,422.8500,2856400
20150506,419.1000,422.7200,414.5500,421.4300,2552500
20150507,426.8800,428.5000,422.8500,424.1500,2766100
20150508,433.6900,435.2000,430.1700,430.7500,2908800
20150511,432.8500,439.0000,431.3700,432.5100,2393700
20150512,431.0200,433.2500,426.7100,431.0800,1947800
20150513,426.8700,433.5300,425.8000,429.9800,1996300
20150514,432.2800,433.0000,427.0100,429.4500,1888500
20150515,426.0000,430.4000,424.3000,428.0000,4240300
20150518,425.2400,427.2700,421.4600,426.0000,2390200
20150519,421.7100,428.2400,420.6300,424.8700,2464200
20150520,423.8600,427.1000,418.3600,420.6000,2196200
20150521,431.6300,436.9000,428.0000,428.0000,4121400
20150522,427.6300,432.4400,427.6100,431.5500,2020600
20150526,425.4700,427.0000,422.0000,426.2000,2244200
20150527,431.4200,431.8500,425.0100,427.4500,2231100
20150528,426.5700,431.3500,425.4700,429.7100,1912400
20150529,429.2300,432.5000,427.2300,427.2300,3016100
20150601,430.9200,433.1600,426.2000,430.4000,2253300
20150602,430.9900,433.2300,426.2500,430.0700,1668900
20150603,436.5900,438.3900,432.7500,434.4000,2720800
20150604,430.7800,436.7600,429.2600,434.4000,2510800
20150605,426.9500,430.8000,426.5000,429.6600,1907900
20150608,423.5000,426.8000,421.4300,425.6200,2172500
20150609,425.4800,427.4900,419.1400,422.9600,2288700
20150610,430.7700,432.2000,425.6600,426.4600,2172300
20150611,432.9700,438.8900,431.4700,432.2900,2922500
20150612,429.9200,432.3600,428.2600,431.2500,2054400
20150615,423.6700,428.0500,422.6400,427.6600,2051000
20150616,427.2600,427.9700,422.6700,424.1500,2296400
20150617,427.8100,431.3500,424.7500,428.3600,2185900
20150618,439.3900,439.7300,429.4100,430.3000,3378400
20150619,434.9200,444.9900,433.2400,440.2600,4495100
20150622,436.2900,439.2400,434.1800,437.0000,1823600
20150623,445.9900,447.0400,433.6900,435.5900,3245000
20150624,440.8400,446.4700,440.2300,444.9700,2620800
20150625,440.1000,443.4700,436.3900,438.0700,2237500
20150626,438.1000,443.4900,435.0600,441.7600,2624500
20150629,429.8600,437.0000,429.0000,434.9800,2753200
20150630,434.0900,435.5700,430.4600,434.2000,2596900
20150701,437.3900,440.0000,435.5800,439.3500,1987100
20150702,437.7100,438.2000,433.4800,437.0000,1343400
20150706,436.0400,439.7300,433.5200,435.2300,1903200
20150707,436.7200,437.7300,425.5700,435.6800,3454200
20150708,429.7000,435.9900,428.8300,434.3500,2383100
20150709,434.3900,438.7200,434.1500,434.9000,2262900
20150710,443.5100,444.7200,439.0000,440.4900,2401000
20150713,455.5700,457.8700,447.5400,448.2900,3956800
20150714,465.5700,469.6000,458.1600,462.3200,4736200
20150715,461.1900,464.7000,460.2000,463.0400,2987400
20150716,475.4800,475.8800,464.8000,465.5000,4095600
20150717,483.0100,485.4200,477.2500,477.7000,4932200
20150720,488.1000,493.2000,485.4000,492.5700,4752500
20150721,488.0000,488.8800,482.5500,487.9000,3181800
20150722,488.2700,492.5000,484.9000,485.9900,3114900
20150723,482.1800,491.6600,475.7000,491.6600,9374400
20150724,529.4200,580.5700,529.3500,578.9900,21909400
20150727,531.4100,544.9500,526.6000,527.7500,7491000
20150728,526.0300,536.3900,523.1200,536.0000,5273100
20150729,529.0000,532.9700,525.0200,530.9200,3752600
20150730,536.7600,539.2000,524.2900,527.6500,3743100
20150731,536.1500,542.8400,534.5200,539.0900,3025600
20150803,535.0300,540.4400,529.3600,537.4500,3014200
20150804,531.9000,536.9500,529.1600,529.6900,2934600
20150805,537.0100,539.1400,534.1200,538.8000,2889400
20150806,529.4600,542.7400,527.5200,539.3000,3820500
20150807,522.6200,529.4600,518.2100,529.1600,3969200
20150810,524.0000,532.2800,523.0000,528.5200,2615900
20150811,527.4600,528.9800,522.0000,523.6500,2676600
20150812,525.9100,527.5000,513.0600,523.7500,3962300
20150813,529.6600,534.6600,525.4900,527.3700,2895200
20150814,531.5200,534.1100,528.2500,528.2500,1994800
20150817,535.2200,538.7400,527.1200,531.2900,2581700
20150818,535.0200,539.4900,533.0000,535.0400,2071300
20150819,532.9200,537.2500,529.0000,533.7400,2313500
20150820,515.7800,533.2500,515.7700,530.3900,4408000
20150821,494.4700,512.3300,494.4700,507.3600,6706500
20150824,463.3700,476.5800,451.0000,463.5800,10097600
20150825,466.3700,489.4400,466.2500,487.4900,5679300
20150826,500.7700,503.7200,478.7600,484.0200,6358600
20150827,518.3700,522.6900,507.2600,513.7100,6114500
20150828,518.0100,521.5000,513.0400,517.5000,2746700
20150831,512.8900,519.4100,509.0700,516.4400,3002300
20150901,496.5400,510.0000,493.4300,499.1400,3864500
20150902,510.5500,510.8600,497.7200,505.0900,3707100
20150903,504.7200,515.8400,502.5700,514.5000,3149700
20150904,499.0000,502.8500,495.6400,497.6500,2692500
20150908,517.5400,518.3500,508.5100,508.6900,3810700
20150909,516.8900,529.9500,515.0600,524.0000,4370700
20150910,522.2400,526.1300,514.7800,515.1500,2576000
20150911,529.4400,529.4400,520.6100,521.0700,3227900
20150914,521.3800,532.4500,518.5800,529.4400,3130200
20150915,522.3700,527.9200,517.2000,523.2500,2865900
20150916,527.3900,528.3000,518.5200,521.9800,2252800
20150917,538.8700,546.9700,526.5700,526.9800,4169500
20150918,540.2600,546.2400,531.3500,534.6200,6160100
20150921,548.3900,549.7800,539.5900,544.3300,3283300
20150922,538.4000,543.5500,532.6600,539.7100,3841700
20150923,536.0700,541.2100,534.0000,538.3000,2237600
20150924,533.7500,534.5600,522.8700,530.5500,3501000
20150925,524.2500,542.8000,521.4000,542.5700,4031000
20150928,504.0600,520.2800,494.3300,520.0200,5434500
20150929,496.0700,511.4800,490.5000,506.0000,4457500
20150930,511.8900,512.8000,501.6700,505.4400,4004700
20151001,520.7200,520.8000,506.0000,511.0000,3768500
20151002,532.5400,532.6000,508.1000,512.9900,4597800
20151005,543.6800,545.9100,536.0000,536.9900,3391400
20151006,537.4800,551.5000,533.3300,545.5000,4502800
20151007,541.9400,542.0000,529.0000,541.7900,3812100
20151008,533.1600,539.3900,519.8900,536.7100,4676400
20151009,539.8000,541.7900,530.2700,534.4800,3537400
20151012,550.1900,550.8200,539.8000,539.9600,2776100
20151013,548.9000,553.2000,543.1000,546.2600,2938000
20151014,544.8300,552.2500,539.6800,551.3400,3582100
20151015,562.4400,563.0000,547.0000,547.7500,4937000
20151016,570.7600,570.9400,560.3100,565.2700,4315800
20151019,573.1500,579.0000,567.3800,570.7600,4375400
20151020,560.8800,573.0000,555.2800,572.0000,4327900
20151021,555.7700,565.2500,552.5200,563.8700,3343600
20151022,563.9100,569.1500,556.6700,562.7000,7779400
20151023,599.0300,619.4500,595.3600,617.6800,10692700
20151026,608.6100,609.8500,596.2900,602.3000,4269700
20151027,611.0100,614.7100,605.5300,608.6000,3787100
20151028,617.1000,617.2300,609.5000,612.3000,3926200
20151029,626.5500,627.5400,615.3900,617.7000,3896000
20151030,625.9000,630.7200,625.2800,626.0100,3874400
20151102,628.3500,628.6300,620.4100,627.1300,2816500
20151103,625.3100,629.8900,622.0000,629.5300,3246900
20151104,640.9500,645.9300,627.3500,627.7600,4840500
20151105,655.6500,657.0000,643.0900,647.1000,4723800
20151106,659.3700,662.2600,652.0000,655.0000,4092200
20151109,655.4900,661.9600,647.8500,658.6500,4048800
20151110,659.6800,660.0000,647.2600,651.0100,3489500
20151111,673.2500,675.9600,663.2500,663.2500,5387300
20151112,665.6000,675.6400,664.2200,673.0000,4284700
20151113,642.3500,667.0000,640.4500,663.5700,6261100
20151116,647.8100,649.9900,622.2900,640.9200,7435900
20151117,643.3000,653.2500,641.0000,650.6500,4320200
20151118,663.5400,664.8800,646.3700,646.5100,4469800
20151119,661.2700,672.8600,659.0000,664.9900,4705200
20151120,668.4500,668.8700,657.5700,667.9400,3896100
20151123,678.9900,682.7700,670.1200,671.5000,4385100
20151124,671.1500,675.8000,661.2100,674.1400,4543400
20151125,675.3400,679.7000,671.2400,675.0000,2697900
20151127,673.2600,680.9900,672.1000,680.8000,1966800
20151130,664.8000,681.2900,664.6000,675.9000,5693200
20151201,679.0600,681.0000,667.8600,673.7500,4751200
20151202,676.0100,684.8200,674.2500,681.0000,4273500
20151203,666.2500,682.7900,661.4800,679.4400,5064700
20151204,672.6400,674.7800,661.4000,666.0000,4534800
20151207,669.8300,675.4600,660.5000,674.7400,3732800
20151208,677.3300,679.9900,659.7900,663.1300,3651900
20151209,664.7900,679.0000,655.6800,678.0000,5158200
20151210,662.3200,668.5300,659.5600,665.5900,3440200
20151211,640.1500,657.8800,639.6200,651.2300,5474400
20151214,657.9100,658.5900,635.2700,641.7500,4329700
20151215,658.6400,671.5000,657.3500,665.0300,4753400
20151216,675.7700,677.3500,659.3200,663.5600,3964500
20151217,670.6500,682.5000,670.6500,680.0000,3681600
20151218,664.1400,676.8400,664.1300,668.6500,6841300
20151221,664.5100,669.9000,658.9300,668.5000,3250900
20151222,663.1500,668.4900,659.2600,666.8300,2667800
20151223,663.7000,666.6000,656.6300,666.5000,2722900
20151224,662.7900,664.6800,660.6000,663.3500,1091200
20151228,675.2000,675.5000,665.5000,665.5600,3783600
20151229,693.9700,696.4400,677.8900,677.9800,5735000
20151230,689.0700,695.4900,686.3800,691.8900,3519000
20151231,675.8900,687.7500,675.8900,686.0800,3718200
20160104,636.9900,657.7200,627.5100,656.2900,9314500
20160105,633.7900,646.9100,627.6500,646.8600,5822600
20160106,632.6500,639.7900,620.3100,622.0000,5329200
20160107,607.9400,630.0000,605.2100,621.8000,7074900
20160108,607.0500,624.1400,606.0000,619.6600,5512900
20160111,617.7400,619.8500,598.5700,612.4800,4891600
20160112,617.8900,625.9900,612.2400,625.2500,4724100
20160113,581.8100,620.8800,579.1600,620.8800,7655200
20160114,593.0000,602.2500,569.8800,580.2500,7238000
20160115,570.1800,584.6200,565.3000,572.2400,7754500
20160119,574.4800,584.0000,566.4500,577.0900,4807200
20160120,571.7700,578.4500,547.1800,564.3600,7966400
20160121,575.0200,588.8100,568.2200,573.5800,4952200
20160122,596.3800,600.1000,584.1100,588.7300,5120100
20160125,596.5300,608.5000,594.5600,597.9900,4396100
20160126,601.2500,604.5000,590.3800,603.4500,3765700
20160127,583.3500,603.3900,578.7800,601.9900,5152900
20160128,635.3500,638.0600,597.5500,608.3700,14015200
20160129,587.0000,593.0000,570.0000,571.9800,14677600
20160201,574.8100,581.8000,570.3100,578.1500,6355100
20160202,552.1000,571.5600,550.0900,570.0000,6312000
20160203,531.0700,556.0000,521.9000,553.5000,10048700
20160204,536.2600,538.9900,519.2200,525.0000,6199100
20160205,502.1300,529.4500,499.1900,529.2800,9708900
20160208,488.1000,493.5000,475.2100,486.4700,9825500
20160209,482.0700,498.3800,474.0000,478.0100,7077900
20160210,490.4800,504.6600,486.0000,491.7600,6786200
20160211,503.8200,509.3000,484.0000,491.1700,7397400
20160212,507.0800,516.7500,501.4900,510.7000,5384800
20160216,521.1000,524.4500,511.6600,519.4800,5118500
20160217,534.1000,537.4800,519.3900,528.7400,4824000
20160218,525.0000,541.2000,523.7300,541.1900,4735000
20160219,534.9000,535.9500,515.3500,520.7100,4974700
20160222,559.5000,560.6500,541.0800,542.2000,5566600
20160223,552.9400,556.9100,545.3300,555.5500,4050800
20160224,554.0400,554.2700,533.1500,545.7500,6231700
20160225,555.1500,559.3900,545.2900,555.5200,4525500
20160226,555.2300,562.5000,553.1700,560.1200,4877000
20160229,552.5200,564.8100,552.5100,554.0000,4145400
20160301,579.0400,579.2500,556.0000,556.2900,5038500
20160302,580.2100,585.0000,573.7000,581.7500,4582200
20160303,577.4900,579.8700,573.1100,577.9600,2741300
20160304,575.1400,581.4000,571.0700,581.0700,3416500
20160307,562.8000,573.6300,555.5500,573.5400,4926900
20160308,560.2600,571.3500,554.7400,557.8700,4730000
20160309,559.4700,560.3500,550.1300,559.5600,4377300
20160310,558.9300,567.0000,547.9000,566.7400,3919900
20160311,569.6100,570.0600,562.7300,566.9500,3771300
20160314,573.3700,576.8900,563.0500,567.0000,3454200
20160315,577.0200,581.5200,567.0000,571.0000,3876800
20160316,574.2700,581.3200,571.1400,576.6400,3537700
20160317,559.4400,571.4000,555.0100,569.5100,5928100
20160318,552.0800,562.3300,546.0900,560.9400,7296900
20160321,553.9800,555.2400,538.5800,548.9100,5155700
20160322,560.4800,562.7600,545.0500,545.1100,4000600
20160323,569.6300,572.4800,558.1000,561.0000,3983700
20160324,582.9500,583.5500,567.0800,567.1100,5185500
20160328,579.8700,584.7500,575.5600,584.4000,3121500
20160329,593.8600,595.8500,576.5000,580.1500,4392600
20160330,598.6900,603.2400,595.0000,596.7100,3890500
20160331,593.6400,600.7500,592.2100,599.2800,2681800
20160401,598.5000,599.0300,588.3000,590.4900,2917400
20160404,593.1900,599.5000,590.5500,599.0000,2470800
20160405,586.1400,593.4700,585.2500,590.7700,2308900
20160406,602.0800,602.3900,587.5000,587.5200,2849900
20160407,591.4300,599.6000,589.0800,598.7600,3189000
20160408,594.6000,597.8600,589.0000,594.3200,2591900
20160411,595.9300,604.0000,594.9100,596.1400,2704300
20160412,603.1700,604.0600,592.3100,598.4000,2641100
20160413,614.8200,616.8100,605.2900,607.6800,4228300
20160414,620.7500,624.3800,615.0700,615.0700,3512100
20160415,625.8900,626.7700,618.1100,621.9200,2887700
20160418,635.3500,637.6400,624.9600,625.3500,4336400
20160419,627.9000,638.0100,620.8000,637.1400,4055900
20160420,632.9900,636.5500,623.0000,630.0000,2609400
20160421,631.0000,637.8200,628.5000,631.0000,2596300
20160422,620.5000,628.2500,611.5600,624.4700,5083900
20160425,626.2000,626.9800,616.2500,616.6100,2682900
20160426,616.8800,626.7500,614.8800,626.1700,2521400
20160427,606.5700,615.9500,601.2800,611.8000,4068800
20160428,602.0000,626.8000,599.2000,615.5400,7872600
20160429,659.5900,669.9800,654.0000,666.0000,10310700
20160502,683.8500,685.5000,662.0300,663.9200,6578500
20160503,671.3200,680.3000,670.4300,677.3600,4923400
20160504,670.9000,674.0000,662.1400,662.5900,4635500
20160505,659.0900,676.4900,656.0000,673.3100,4884100
20160506,673.9500,676.9500,656.0100,656.0500,4347200
20160509,679.7500,686.9800,671.4100,673.9500,3982200
20160510,703.0700,704.5500,693.5000,694.0000,6105600
20160511,713.2300,719.0000,701.6500,705.7900,7338200
20160512,717.9300,722.4500,711.5100,717.3800,5048200
20160513,709.9200,719.2500,706.5100,714.6400,4763400
20160516,710.6600,713.2500,700.2800,710.1300,5432900
20160517,695.2700,714.4700,693.9100,709.9000,5121400
20160518,697.4500,702.5400,688.7600,689.5600,4283200
20160519,698.5200,699.4000,689.5600,691.8800,3025600
20160520,702.8000,707.2400,700.0000,701.0500,2916200
20160523,696.7500,706.0000,696.4200,704.2500,2595100
20160524,704.2000,707.5000,698.0000,698.0100,3033800
20160525,708.3500,710.8600,705.5200,708.0000,3267700
20160526,714.9100,715.0000,707.2900,708.3300,2446700
20160527,712.2400,716.6000,711.1000,715.0000,2246400
20160531,722.7900,724.2300,711.3200,712.3300,3618300
20160601,719.4400,726.4300,718.2200,720.9000,3263100
20160602,728.2400,728.2800,715.5000,720.9700,3026600
20160603,725.5400,727.0000,718.4300,726.7400,3367300
20160606,726.7300,731.5000,724.4200,726.5000,2704800
20160607,723.7400,730.0000,720.5500,729.8900,2732500
20160608,726.6400,729.4200,721.6000,726.4000,2223400
20160609,727.6500,728.9100,722.3000,723.1000,2170300
20160610,717.9100,724.9800,714.2100,722.3500,3425700
20160613,715.2400,721.9900,711.1600,714.0100,3352200
20160614,719.3000,720.8100,712.2700,712.3300,2506900
20160615,714.2600,722.5600,713.3500,722.0000,2709400
20160616,717.5100,718.0000,705.3000,712.0500,3098000
20160617,706.3900,718.2000,699.1800,718.1900,5897800
20160620,714.0100,721.3100,710.8100,713.5000,3677200
20160621,715.8200,718.4000,712.7200,715.7200,2137500
20160622,710.6000,717.0000,707.5700,716.5800,2260500
20160623,722.0800,722.1200,712.5000,715.5000,2825000
20160624,698.9600,712.5300,692.2000,693.0000,7632500
20160627,691.3600,696.8200,682.1200,692.0100,5568000
20160628,707.9500,708.0000,698.1700,700.0000,4037000
20160629,715.6000,719.5000,713.5400,715.7500,3070100
20160630,715.6200,719.3700,712.5400,717.2000,2855100
20160701,725.6800,728.0000,716.5400,717.3200,2920400
20160705,728.1000,729.5600,719.6100,722.8000,2431400
20160706,737.6100,737.7700,722.5800,725.7100,3938200
20160707,736.5700,739.5500,731.6300,739.3300,2945800
20160708,745.8100,746.1000,738.0000,740.1400,3429200
20160711,753.7800,755.9000,747.0000,750.0000,3195300
20160712,748.2100,757.3400,740.3300,756.8600,5623700
20160713,742.6300,756.8700,741.2500,746.7600,4142300
20160714,741.2000,749.0400,739.0200,748.8600,2390500
20160715,735.4400,746.5500,734.0500,746.5500,3121400
20160718,736.0700,741.6000,728.7200,735.4900,2954900
20160719,739.9500,743.3300,732.3100,732.5000,2216800
20160720,745.7200,746.2500,740.7000,744.0000,2214000
20160721,744.4300,749.3600,742.7900,747.5000,2317100
20160722,744.8600,751.2800,743.5300,747.7900,2277700
20160725,739.6100,748.5000,735.3500,746.5500,2679300
20160726,735.5900,743.1300,732.7500,742.7100,2529700
20160727,736.6700,740.9400,733.8600,737.9700,2913100
20160728,752.6100,753.3600,739.7000,745.9800,7617600
20160729,758.8100,766.0000,755.0000,765.0000,6777100
20160801,767.7400,770.5000,757.0600,759.8700,3578200
20160802,760.5800,765.0100,757.0200,763.8100,3603300
20160803,754.6400,758.8900,752.2500,757.0600,3581500
20160804,760.7700,765.0000,750.3500,753.7000,3178200
20160805,765.9800,768.4700,763.0900,764.8100,2704400
20160808,766.5600,767.0000,761.0200,766.8100,1986300
20160809,768.3100,772.6000,766.9000,767.3900,1876100
20160810,768.5600,772.1000,766.1900,769.8000,1604300
20160811,771.2400,773.7500,769.1200,769.9400,2019700
20160812,772.5600,773.1500,768.4200,768.4600,1563300
20160815,768.4900,772.0400,767.7100,771.9000,2118500
20160816,764.0400,768.7300,763.8200,768.6200,1604600
20160817,764.6300,765.2200,759.2000,764.4100,1891100
20160818,764.4600,765.1700,760.6000,764.0000,1458800
20160819,757.3100,762.4900,756.8900,761.9000,2343200
20160822,759.4800,759.8500,752.1000,757.5000,1679300
20160823,762.4500,764.7000,761.0000,763.3100,1524100
20160824,757.2500,763.4100,755.3600,763.0000,1744100
20160825,759.2200,760.5600,754.7400,756.0000,1623000
20160826,769.0000,770.0000,759.8000,760.0500,2776800
20160829,771.2900,774.9800,768.6000,768.7200,2198600
20160830,767.5800,771.8400,765.5600,771.0500,1709200
20160831,769.1600,769.6400,764.0000,766.6000,1633800
20160901,770.6200,772.0400,766.7500,770.9000,1792300
20160902,772.4400,776.0000,771.7000,774.1100,2181800
20160906,788.8700,789.4800,770.2200,774.0400,3719800
20160907,784.4800,790.7900,784.3300,789.5300,2424600
20160908,784.0600,786.5000,781.4400,783.8900,2030500
20160909,760.1400,781.0000,760.1100,779.3600,4257300
20160912,771.4900,772.6600,756.0000,757.3500,3124700
20160913,761.0100,769.8900,759.0500,768.7700,3117200
20160914,761.0900,767.5000,758.8500,762.2000,2523000
20160915,769.6900,770.8700,757.5800,762.0000,3034000
20160916,778.5200,780.4600,771.6600,773.2800,5499200
20160919,775.1000,781.9400,771.0000,779.9700,2297200
20160920,780.2200,781.3700,776.0000,776.0000,1937200
20160921,789.7400,790.6900,779.0100,783.2500,2718600
20160922,804.7000,805.8900,794.2700,794.2700,4078900
20160923,805.7500,807.7500,802.1200,803.1300,2353500
20160926,799.1600,805.9300,797.1500,801.8000,2651400
20160927,816.1100,816.6400,801.1100,801.8500,3819600
20160928,828.7200,830.1400,817.0300,818.0000,4422100
20160929,829.0500,837.5000,824.6300,828.2600,4922200
20160930,837.3100,839.9500,832.4000,832.6100,4430600
20161003,836.7400,839.8600,831.2500,836.0000,2769400
20161004,834.0300,842.3700,830.2600,840.9100,2950300
20161005,844.3600,845.6700,836.1200,838.0000,3469100
20161006,841.6600,847.2100,840.6000,843.7000,2684000
20161007,839.4300,845.9500,837.4500,845.7900,2426200
20161010,841.7100,845.2000,840.2700,843.2500,1827100
20161011,831.0000,841.2900,828.3500,841.0200,3588200
20161012,834.0900,837.6700,830.1000,834.0000,2380400
20161013,829.2800,831.8000,821.2100,829.0000,3091400
20161014,822.9600,835.7400,822.9600,835.0800,2999800
20161017,812.9500,822.0000,811.6800,821.5000,3361500
20161018,817.6500,823.2600,815.0200,822.1100,2512500
20161019,817.6900,820.6700,815.1700,820.4000,2090700
20161020,810.3200,815.7100,803.1000,813.9900,3152000
20161021,818.9900,819.4200,809.0000,809.3600,2793000
20161024,838.0900,838.3000,822.2100,824.9500,4060900
20161025,835.1800,843.0900,833.2200,839.3000,3248400
20161026,822.5900,833.4400,820.0000,832.7600,3998100
20161027,818.3600,831.7200,815.4300,831.2400,7406400
20161028,776.3200,789.4900,774.6100,782.0000,10841100
20161031,789.8200,793.7000,780.1100,781.0300,5413300
20161101,785.4100,800.8400,776.7100,799.0000,5305400
20161102,765.5600,784.7500,763.5500,783.9300,5026500
20161103,767.0300,777.0000,764.0000,765.0500,3872500
20161104,755.0500,766.0000,753.2300,762.7900,5122100
20161107,784.9300,787.7300,770.9400,771.6400,5984400
20161108,787.7500,791.7400,779.1000,784.9700,3373300
20161109,771.8800,777.5000,760.0900,764.0000,8550400
20161110,742.3800,778.8300,717.7000,778.8100,12742300
20161111,739.0100,743.2600,728.9000,735.7300,6594400
20161114,719.0700,746.0000,710.1000,745.5100,7283200
20161115,743.2400,746.7800,725.9900,730.0000,6744600
20161116,746.4900,749.8700,735.6100,739.8800,3601400
20161117,756.4000,757.5000,748.0000,749.3200,3651300
20161118,760.1600,767.7400,757.6400,761.0000,4301300
20161121,780.0000,780.3500,765.1100,766.0000,4595600
20161122,785.3300,792.4000,781.0000,788.1700,5304900
20161123,780.1200,781.7500,773.1200,781.7300,3522500
20161125,780.3700,786.7500,777.9000,786.5000,1832300
20161128,766.7700,777.0000,764.2400,776.9900,4380900
20161129,762.5200,769.8900,761.3200,768.0000,3266500
20161130,750.5700,768.0900,750.2500,762.0000,4580100
20161201,743.6500,753.3700,738.0300,752.4100,4626500
20161202,740.3400,748.4900,736.7000,743.4000,3499200
20161205,759.3600,761.4900,742.0000,745.0000,4298200
20161206,764.7200,768.2400,757.2500,763.9900,3788300
20161207,770.4200,770.4200,755.8200,764.5500,3655300
20161208,767.3300,773.7900,765.1900,771.8700,3185700
20161209,768.6600,770.2500,765.3400,770.0000,2458800
20161212,760.1200,766.8900,757.2000,766.4000,2956900
20161213,774.3400,782.4600,762.0000,764.9600,5244700
20161214,768.8200,780.8600,762.8100,778.2500,5406500
20161215,761.0000,769.1000,760.3100,766.2800,3794200
20161216,757.7700,765.1300,754.0000,765.0000,4828700
20161219,766.0000,770.5000,756.1600,758.8900,3103200
20161220,771.2200,774.3900,767.7100,768.6500,2667900
20161221,770.6000,771.2200,765.7000,770.0000,2040400
20161222,766.3400,771.2100,763.0200,768.1200,2518300
20161223,760.5900,766.5000,757.9900,764.5500,1976900
20161227,771.4000,774.6500,761.2000,763.4000,2627400
20161228,772.1300,780.0000,770.5000,776.2500,3279100
20161229,765.1500,773.4000,760.8500,772.4000,3153500
20161230,749.8700,767.4000,748.2800,766.4700,4125300
20170103,753.6700,758.7600,747.7000,757.9200,3518600
20170104,757.1800,759.6800,754.2000,758.3900,2495900
20170105,780.4500,782.4000,760.2600,761.5500,5813700
20170106,795.9900,799.4400,778.4800,782.3600,5958800
20170109,796.9200,801.7700,791.7700,798.0000,3440100
20170110,795.9000,798.0000,789.5400,796.6000,2556700
20170111,799.0200,799.5000,789.5100,793.6600,2982400
20170112,813.6400,814.1300,799.5000,800.3100,4861500
20170113,817.1400,821.6500,811.4000,814.3200,3773500
20170117,809.7200,816.0000,803.4400,815.7000,3659400
20170118,807.4800,811.7300,804.2700,809.5000,2336000
20170119,809.0400,813.5100,807.3200,810.0000,2529100
20170120,808.3300,816.0200,806.2600,815.2800,3338200
20170123,817.8800,818.5000,805.0800,806.8000,2680900
20170124,822.4400,823.9900,814.5000,822.0000,2965900
20170125,836.5200,837.4200,825.2900,825.7900,3922600
20170126,839.1500,843.8400,833.0000,835.5300,3554700
20170127,835.7700,839.7000,829.4400,839.0000,2992200
20170130,830.3800,833.5000,816.3800,833.0000,3677100
20170131,823.4800,826.9900,819.5600,823.7500,3112600
20170201,832.3500,833.7800,824.9400,829.2100,3797000
20170202,839.9500,842.4900,828.2600,836.5900,6541700
20170203,810.2000,818.3000,804.0000,806.7200,10838900
20170206,807.6400,810.7200,803.0000,809.8000,3808200
20170207,812.5000,816.1600,807.5000,809.3100,3461500
20170208,819.7100,821.4800,812.5000,812.6900,2848300
20170209,821.3600,825.0000,819.7100,821.6000,2468400
20170210,827.4600,828.0000,822.8500,823.8200,2425800
20170213,836.5300,843.0000,828.5500,831.6200,4156500
