20140218,552.8600,556.3900,550.3900,551.1700,303700
20140219,552.1800,560.8500,551.0600,553.8200,417500
20140220,550.2800,554.9500,548.5100,551.1100,305800
20140221,549.4900,555.2000,548.5700,551.3800,408400
20140224,554.3800,556.6000,549.1600,550.9500,279500
20140225,554.6200,560.4400,553.3500,557.0500,336600
20140226,555.1200,563.4800,550.1300,557.0600,550900
20140227,561.1400,562.0000,551.6400,551.6400,305800
20140228,565.2100,573.1600,559.4900,562.2500,676400
20140303,554.6000,563.9500,551.7000,561.0000,527300
20140304,584.8300,585.9600,559.1200,561.4800,1003800
20140305,581.2500,585.9900,578.5000,585.0000,554800
20140306,593.2700,594.5000,583.7000,584.1100,635900
20140307,593.4100,599.9700,587.6800,599.8000,308100
20140310,587.9600,593.9400,585.2800,589.8200,362000
20140311,584.2700,593.6500,583.0000,589.0400,303500
20140312,588.7000,588.7500,577.3700,583.2800,244900
20140313,579.5000,591.9000,577.8200,589.4700,312200
20140314,575.9600,582.1000,572.0000,575.0200,334000
20140317,576.2600,580.9000,572.5100,580.4600,261700
20140318,592.5400,595.2100,578.0300,582.3500,601200
20140319,596.5000,598.4600,588.5200,588.5200,442700
20140320,611.5800,614.2000,595.6700,595.6900,806700
20140321,611.1200,622.9000,607.3600,616.4700,778400
20140324,588.5400,613.0900,585.5800,610.2100,820000
20140325,570.6800,593.1000,565.5000,590.1200,979800
20140326,563.8800,575.9500,563.7800,573.4500,582700
20140327,559.1800,566.0700,554.2500,564.0000,554900
20140328,567.1700,573.9900,560.8000,561.5000,538400
20140331,568.0500,570.9800,565.0000,570.7400,442000
20140401,578.9700,580.2500,568.0100,568.0100,313000
20140402,576.2100,582.5600,572.2000,582.5500,297200
20140403,570.8900,582.8400,565.5000,579.0200,411000
20140404,555.1600,571.3000,551.0400,571.0000,687100
20140407,535.5900,554.9900,529.2000,550.0000,804100
20140408,550.7300,552.9900,539.1300,540.0000,579300
20140409,556.4000,556.8000,547.0600,552.2600,410400
20140410,534.0100,556.1400,533.9300,555.0900,600000
20140411,534.8700,543.5000,526.7500,528.0200,988000
20140414,540.9800,546.5000,534.1100,540.4900,442000
20140415,540.5400,549.6500,532.0000,543.2400,487900
20140416,552.4000,553.6000,540.0000,545.0000,631500
20140417,519.6100,588.6900,518.5200,582.7000,3882500
20140421,506.5400,522.0000,505.7000,521.7200,1373600
20140422,512.6700,514.1700,504.1300,508.3500,913900
20140423,504.0500,511.9500,502.0300,511.0100,482600
20140424,507.6000,511.3000,503.2700,508.6000,530700
20140425,502.3100,507.2500,498.4900,507.2500,404000
20140428,476.2800,502.5600,472.4100,502.5600,1436000
20140429,491.5700,495.0000,477.9000,479.7800,747000
20140430,498.5000,499.8900,484.4500,488.5500,665500
20140501,500.1500,504.9800,495.0100,498.5100,462800
20140502,501.7700,504.3600,496.3000,496.3000,471800
20140505,512.6800,518.5400,501.1200,504.3900,618500
20140506,501.9100,514.3200,500.8200,512.9100,436200
20140507,500.8300,506.5800,493.3300,506.5800,571800
20140508,500.3500,513.8400,495.0100,495.0100,370500
20140509,507.6800,508.5000,496.1700,499.7600,446800
20140512,510.2100,513.1800,505.1300,507.2500,430700
20140513,504.1600,510.9600,501.7900,509.9500,292500
20140514,504.3200,514.5100,501.0000,506.6700,491800
20140515,495.9200,504.7200,491.1300,504.7200,505400
20140516,500.5200,501.5000,490.5500,499.3100,590300
20140519,501.2900,503.9100,498.8900,498.8900,270900
20140520,495.6500,501.2100,493.2400,500.0000,315900
20140521,504.1800,504.9300,496.0000,496.1200,444900
20140522,520.4800,524.5500,506.1900,506.5000,594800
20140523,522.3200,523.4500,515.3600,522.0000,311200
20140527,536.0400,539.7600,522.0000,522.0000,566100
20140528,538.2600,539.9400,529.0800,533.0900,548100
20140529,545.4200,546.9000,538.5000,538.8500,617900
20140530,547.0900,549.2700,542.5000,546.9700,454100
20140602,551.5600,552.8500,545.2700,548.0000,399200
20140603,550.5900,552.5000,548.0000,548.1300,357700
20140604,558.8400,559.3800,546.8200,549.4600,375800
20140605,561.0300,564.2100,556.4900,557.5500,345600
20140606,569.1700,570.2200,559.1400,560.7500,394600
20140609,568.5000,570.6800,565.9300,568.2500,246800
20140610,564.7600,568.8000,563.1700,566.0000,282900
20140611,570.3400,571.5100,560.0100,560.9200,325600
20140612,581.8500,583.2700,570.0100,571.7500,916200
20140613,588.2600,589.0000,576.8400,576.8400,586900
20140616,594.0100,595.4800,584.3800,587.0300,451100
20140617,593.5200,596.1600,590.5400,593.1400,322300
20140618,594.9100,595.3300,587.2000,591.8800,322700
20140619,594.5400,597.4500,591.5500,594.4500,359200
20140620,592.4300,595.8400,590.6500,595.0000,412100
20140623,599.5900,602.2100,590.7500,592.9900,370300
20140624,595.6200,601.6100,595.4600,599.0000,365100
20140625,599.5000,600.3000,592.0600,595.7000,224700
20140626,600.3200,600.7800,593.3000,596.2200,231900
20140627,596.1400,600.6800,595.7000,599.8100,314400
20140630,592.5100,597.0800,592.0600,596.4100,311100
20140701,603.2600,604.0800,594.5300,596.3500,312200
20140702,599.3200,603.4900,597.0000,603.4900,240100
20140703,603.6000,604.7800,598.5500,600.2500,140600
20140707,593.8300,603.1600,592.8300,601.6500,298600
20140708,586.5900,592.7500,575.9200,591.2600,520900
20140709,604.1700,605.0000,588.5500,588.5500,597000
20140710,600.6100,607.5500,595.0500,596.0000,425400
20140711,598.4900,601.5000,597.5000,600.4400,224600
20140714,604.9200,608.7700,600.0900,601.7000,325500
20140715,597.4500,606.8700,590.3400,605.0000,558700
20140716,590.4700,601.3200,590.0000,601.0000,387000
20140717,581.6500,592.0000,579.8100,591.0200,415400
20140718,592.4200,593.4100,583.0200,583.7100,432500
20140721,589.9300,596.9000,582.6900,593.2900,1099600
20140722,659.7700,667.9000,649.2700,649.9000,2260800
20140723,661.2700,662.6900,655.1600,658.7100,554500
20140724,660.2000,663.7700,656.7900,663.1300,373800
20140725,673.5800,674.0000,657.8000,657.8000,595800
20140728,678.0100,678.9600,671.9900,675.1100,470700
20140729,674.3600,680.3700,673.3100,677.4200,282400
20140730,681.8300,682.6700,676.0000,678.0000,404200
20140731,672.5000,679.5000,672.0000,678.0100,462400
20140801,675.1400,677.1800,667.6400,674.8100,341600
20140804,682.9800,686.0500,674.4400,678.0300,445500
20140805,674.7100,682.9300,671.5300,682.9300,333600
20140806,673.0000,681.5600,668.6700,671.0000,374800
20140807,671.8400,679.9500,669.1600,677.5000,289800
20140808,669.7000,670.2100,664.2400,668.0000,354200
20140811,680.5400,682.7400,668.0800,673.4600,355000
20140812,676.2300,679.6600,672.0000,678.1600,225900
20140813,683.6800,688.4300,675.0000,675.0000,387500
20140814,679.2900,685.9700,675.8100,683.7800,303900
20140815,678.1800,684.1500,673.7600,682.4800,331700
20140818,684.8300,684.8700,680.4100,681.0000,201100
20140819,681.0800,689.4500,680.8200,686.3500,231600
20140820,678.4100,680.7600,675.0200,680.7600,305900
20140821,681.0700,697.9300,677.5000,697.0000,716100
20140822,676.9500,681.4100,673.8900,678.1700,358900
20140825,676.2400,680.2200,675.0200,679.0000,213700
20140826,683.8900,685.9800,676.7200,676.7200,289600
20140827,677.0300,683.8700,676.1400,681.3800,259800
20140828,677.8400,679.6600,674.2500,676.1500,153000
20140829,678.6500,680.5000,674.1500,678.9700,180800
20140902,682.9000,683.5000,675.2500,678.8500,232700
20140903,680.1000,692.9000,678.8000,684.5000,306900
20140904,680.5400,685.4400,677.2400,681.0000,270600
20140905,677.9500,683.1400,676.3500,679.8100,240000
20140908,678.3700,679.7700,674.4500,677.9000,205600
20140909,669.9500,679.1000,669.2700,679.1000,282800
20140910,671.3600,677.1900,664.1600,673.0000,366600
20140911,672.7300,673.7000,666.6200,670.2900,317400
20140912,664.8100,672.6400,663.1600,671.8400,302800
20140915,655.8500,664.8500,650.0300,664.4200,519000
20140916,654.2000,656.8700,651.0000,655.8500,486700
20140917,653.2400,657.0200,642.6400,650.5000,530200
20140918,664.3200,665.7000,652.6100,655.5000,339900
20140919,664.0900,668.0800,661.4600,666.2500,395200
20140922,656.1000,663.9600,651.2500,660.7700,285400
20140923,654.5800,659.0400,653.8400,654.6400,164500
20140924,664.7100,666.9800,656.7900,658.1300,267100
20140925,653.3900,663.8400,651.4100,659.5100,276900
20140926,660.7700,664.9400,653.3000,653.3000,253500
20140929,662.9400,665.7400,651.5000,655.9900,240800
20140930,666.5900,669.7800,657.8300,663.8000,460500
20141001,662.2300,667.4400,656.1600,666.5000,387200
20141002,662.5700,666.6500,659.3700,661.1300,306400
20141003,674.5000,675.0300,663.7300,666.3900,402900
20141006,671.1300,681.8000,670.6200,677.0000,378800
20141007,662.8200,669.7800,661.7600,667.0500,348300
20141008,672.1000,672.6600,660.6600,663.8100,362100
20141009,660.6100,673.5000,657.7400,670.3400,392000
20141010,655.5800,668.5800,655.0100,659.1000,625900
20141013,639.5300,658.3000,638.0000,657.7500,481700
20141014,651.1700,652.0200,639.0000,645.5000,534500
20141015,647.3800,653.6600,631.0000,641.3700,613600
20141016,645.9800,650.0000,635.0100,644.1900,498700
20141017,641.7200,654.4900,638.0300,647.9600,687000
20141020,653.0300,654.7300,641.1900,643.0000,1216100
20141021,607.5500,629.5000,607.5500,624.9500,2252700
20141022,608.9900,619.5000,607.5700,611.2700,1001500
20141023,610.0000,615.6700,609.1500,612.7400,619100
20141024,615.7800,617.9000,608.8000,613.0300,493600
20141027,630.1100,633.3700,614.7500,614.7500,565800
20141028,645.8500,647.2900,630.5600,631.4900,601900
20141029,639.8600,648.8200,638.7100,645.6000,441800
20141030,639.6800,644.9400,637.2700,640.5200,263800
20141031,638.0000,646.5000,636.9000,643.5100,441500
20141103,638.5300,641.0000,635.3200,638.2800,306000
20141104,647.6800,649.3000,638.0000,640.3700,407800
20141105,642.5900,652.1000,640.4100,651.0000,328200
20141106,647.1200,647.3300,640.5500,643.1100,232800
20141107,649.0300,651.3800,642.2900,647.3800,300800
20141110,648.8600,650.4000,645.5000,647.9200,275600
20141111,656.6500,656.8200,647.4900,649.4000,356000
20141112,664.2500,668.9300,654.5100,654.9700,419100
20141113,670.7500,671.7900,662.7000,666.0000,348900
20141114,669.8000,675.2400,667.9600,671.1000,277800
20141117,658.3200,669.7300,657.3400,668.0000,367200
20141118,658.0900,663.5800,656.0000,656.0000,245300
20141119,658.5600,660.9500,654.2800,659.9900,234200
20141120,662.8300,663.8300,656.0900,657.4400,211700
20141121,657.8800,667.7200,656.9200,667.4900,349000
20141124,659.5400,660.9400,646.5900,659.7500,454900
20141125,654.9000,664.5000,654.1200,662.0000,460400
20141126,660.2100,661.1700,655.0000,656.8300,162300
20141128,663.6200,671.9900,661.4900,661.4900,172800
20141201,660.8800,670.2000,660.4000,664.6600,272000
20141202,660.0400,664.7100,655.6000,659.8800,286900
20141203,651.2700,661.5000,651.1400,656.8400,391000
20141204,663.9700,665.8000,651.5300,652.5300,377800
20141205,660.5700,665.8400,660.0000,665.8400,169700
20141208,657.0300,662.3500,653.5000,662.1000,289300
20141209,657.0900,658.6400,645.5300,654.5000,412500
20141210,650.0400,663.1800,647.8000,657.0000,307100
20141211,654.3900,659.6400,651.9500,652.5000,269700
20141212,657.6700,662.9900,652.7100,653.6500,288500
20141215,648.8300,661.3300,645.6600,658.5000,434100
20141216,633.5200,649.1100,632.4300,648.8300,414800
20141217,649.1500,651.5800,635.0000,635.0000,338300
20141218,655.6000,658.5000,645.8600,655.4900,320200
20141219,651.4200,659.0000,648.2400,658.7400,392400
20141222,667.6600,669.1000,652.2900,652.3100,380600
20141223,669.2100,671.9600,665.3900,670.0000,225400
20141224,672.7900,676.6800,667.8000,668.5300,136900
20141226,678.0600,679.7500,672.3200,672.7600,212000
20141229,692.6900,696.5600,675.5000,675.7500,504300
20141230,684.9100,693.0000,680.4200,691.3500,268900
20141231,684.5100,693.9600,683.4300,685.5500,302500
20150102,678.4000,687.4700,671.0100,686.0000,324800
20150105,667.6900,679.9200,664.2000,678.4000,374400
20150106,664.3800,672.0000,653.7700,666.7900,609400
20150107,694.2600,694.8500,668.4000,668.4000,685600
20150108,719.9900,727.9700,702.5000,702.5000,1169900
20150109,714.2700,722.1700,711.9600,721.8500,404300
20150112,711.7000,719.0000,709.4800,718.8900,276800
20150113,714.0600,724.4800,707.1600,715.7400,348100
20150114,709.7400,713.0200,700.0000,703.2100,318600
20150115,700.7800,715.1000,698.1100,709.0000,344600
20150116,711.1100,712.2300,696.5700,696.5700,316100
20150120,705.7800,716.0000,702.5000,714.8900,340900
20150121,703.8900,710.5200,702.0600,704.4000,307500
20150122,713.4400,715.1800,703.5400,706.8100,301300
20150123,713.6900,721.0000,713.0000,715.4800,324600
20150126,723.4300,725.8600,712.3700,715.3400,227700
20150127,721.3300,724.8300,716.0000,718.3800,275600
20150128,711.9900,726.9800,710.6400,722.9700,244500
20150129,714.5300,717.1500,708.8200,715.5500,273700
20150130,709.8400,716.9800,707.7200,714.6400,385100
20150202,712.5500,716.4400,700.0100,713.5500,467900
20150203,726.6300,726.6300,710.0000,716.5000,1364200
20150204,676.0000,686.7200,667.1500,680.2800,2474700
20150205,670.9100,679.9900,670.0300,679.8000,830300
20150206,659.9200,677.8900,657.9800,677.0000,870200
20150209,648.0100,658.0700,647.2800,655.7800,646500
20150210,665.0300,666.2500,648.9300,652.0000,734500
20150211,669.6400,676.7500,664.0000,666.3600,528200
20150212,670.2900,672.2400,665.2600,671.0800,288500
20150213,674.8900,678.1700,667.1300,671.6700,377400
20150217,670.9300,677.6700,669.3000,674.4600,280300
20150218,674.5700,674.9500,669.0000,669.9600,297000
20150219,673.2800,682.5200,672.2400,674.6000,295400
20150220,674.0000,674.6800,669.3800,670.5900,265600
20150223,671.1700,679.7200,670.0000,673.4700,215200
20150224,667.9100,673.2200,666.5200,670.1500,235800
20150225,675.5200,678.9400,668.7200,670.3000,378800
20150226,670.2900,678.8900,669.1400,675.0000,281900
20150227,664.9700,673.5900,664.9700,670.5000,440600
20150302,670.8600,673.3000,663.0500,664.9700,398700
20150303,668.4300,672.2600,664.5600,670.3800,264200
20150304,664.1600,667.0000,659.2500,664.6000,306000
20150305,670.4900,671.5900,666.2000,667.1600,249600
20150306,658.6800,666.9200,657.6100,666.9200,381600
20150309,660.3400,662.9800,653.3700,658.0100,321300
20150310,654.7400,658.3300,652.3000,657.1400,240400
20150311,660.7700,667.8000,658.2900,658.6800,350900
20150312,670.3900,671.5900,662.3300,662.5300,276600
20150313,674.5100,677.6400,667.5100,668.0000,358500
20150316,678.8800,682.5000,676.0900,676.0900,275000
20150317,672.0000,678.4600,671.0100,677.0000,305600
20150318,673.2800,674.6300,662.7000,669.2600,476700
20150319,680.6700,681.1800,671.0000,673.9700,390700
20150320,686.6500,689.2300,682.4400,684.9600,457300
20150323,687.3400,692.4300,682.8300,685.6500,279800
20150324,680.8100,689.7100,680.4100,686.5000,332000
20150325,665.9700,683.1300,665.7400,680.0000,369800
20150326,658.8200,664.8700,658.0700,662.2700,370200
20150327,662.7200,668.6400,658.0100,660.5100,286000
20150330,655.3600,669.0100,651.5000,668.0700,419900
20150331,650.5400,659.2600,650.5400,653.8200,331400
20150401,652.5300,653.0200,644.0600,650.0000,404600
20150402,652.3900,656.0600,648.8800,653.0000,308000
20150406,660.0200,663.2900,648.0000,648.4800,284200
20150407,658.4600,664.2900,654.7400,659.4200,323800
20150408,654.5500,662.7000,652.5000,658.4600,548800
20150409,651.7200,654.5000,648.5700,653.7900,375400
20150410,683.0200,685.0000,665.0000,666.1000,1194400
20150413,683.7300,687.7400,677.0000,680.7000,514400
20150414,677.8500,687.2000,676.1400,681.1600,438100
20150415,677.6000,687.7600,675.5900,683.2600,362900
20150416,681.5500,684.0000,677.1200,678.0000,339600
20150417,683.9500,685.2300,673.0500,678.7900,519600
20150420,686.9300,688.5500,682.6300,686.7700,435800
20150421,692.5200,699.0300,689.0000,691.4000,1883300
20150422,641.2300,656.9900,635.2500,655.1300,3776600
20150423,635.6000,643.4800,635.2500,641.9800,1094300
20150424,637.5000,639.7300,634.1300,638.5800,793700
20150427,643.7500,646.2200,636.0900,640.1300,759400
20150428,639.5800,646.9700,636.4400,643.7500,634200
20150429,630.0700,638.7000,626.7500,637.7000,789400
20150430,621.3400,635.0000,619.7200,631.9900,563400
20150501,634.0000,634.0000,626.9200,628.9600,523500
20150504,633.5700,641.9600,633.3300,636.6900,318100
20150505,625.6700,634.9500,625.1900,631.8400,420800
20150506,627.2300,627.8200,618.4700,625.3300,517900
20150507,628.8200,633.4100,625.3900,627.0000,317900
20150508,633.8200,637.7000,632.0500,636.0000,443500
20150511,635.6700,637.5000,628.3200,630.3300,416400
20150512,635.5500,637.6700,627.3600,630.5000,290100
20150513,635.3200,639.5000,634.0500,636.0000,325600
20150514,634.5300,638.5900,630.8600,636.0300,360400
20150515,632.3700,636.4400,629.0500,634.7500,437700
20150518,636.1000,636.7100,631.0500,632.5600,404000
20150519,636.7500,639.8800,631.5000,637.4400,379800
20150520,628.2400,635.9000,627.0100,632.9300,519200
20150521,633.3600,633.7400,625.0300,628.3300,438700
20150522,626.4400,635.0000,625.7800,635.0000,550300
20150526,622.1600,626.3800,618.7100,624.6700,477500
20150527,612.5000,624.5000,612.2600,623.1600,744400
20150528,629.4200,636.0000,616.8600,617.5000,893100
20150529,615.5200,628.4000,613.5800,628.0000,788000
20150601,614.9000,619.0000,612.6000,615.0100,396100
20150602,610.5700,616.7500,610.0000,613.1000,371000
20150603,610.8900,613.2500,608.0000,609.0000,395300
20150604,611.5700,613.9500,603.0100,606.1000,507800
20150605,613.8000,614.9000,601.5300,608.1600,792900
20150608,608.1200,612.9200,607.7700,611.9300,437000
20150609,605.7900,608.7100,605.1600,606.9700,339700
20150610,608.6700,609.5000,605.6400,605.6400,224800
20150611,605.8600,613.0000,605.5600,609.0000,241500
20150612,609.7600,612.4000,604.0200,605.0000,431600
20150615,604.1700,608.4900,602.7300,607.5000,442100
20150616,600.6200,604.9000,598.0400,602.4100,384900
20150617,606.8400,606.9300,600.5000,600.5000,454700
20150618,606.2000,610.5800,605.4400,607.8700,385800
20150619,615.3100,615.7200,604.2400,605.2400,698200
20150622,619.2500,623.1800,616.8500,617.5000,507100
20150623,615.4000,622.6400,614.1700,620.8700,394600
20150624,610.5300,615.6900,610.3200,615.0000,304900
20150625,607.3800,614.8300,607.2300,613.8900,248700
20150626,609.4600,612.8500,605.3800,608.0000,259500
20150629,600.0500,607.0000,599.5000,604.2200,372600
20150630,604.9900,608.3900,599.2900,603.0000,376000
20150701,606.5700,611.6200,603.5500,606.3100,237500
20150702,609.5600,610.0500,604.5400,609.1000,339800
20150706,607.1700,609.8500,597.3300,599.8500,535300
20150707,620.5600,622.8600,605.6400,606.0900,593000
20150708,612.8500,624.5300,611.6500,619.4000,522400
20150709,627.1600,631.0000,617.4800,622.4900,821000
20150710,639.4200,640.3100,627.9600,630.1100,784900
20150713,658.0000,658.3700,643.4700,646.1200,725500
20150714,655.4600,660.9000,654.2000,658.0000,597700
20150715,661.1900,663.1100,653.2800,657.4000,569100
20150716,658.4600,663.6000,654.7400,661.5000,777500
20150717,661.9500,664.2700,657.0300,658.3200,560600
20150720,678.0000,681.5600,665.0000,665.7000,972900
20150721,673.0700,679.3700,670.0700,678.0000,1681200
20150722,725.8200,729.6500,694.4000,695.0000,3033900
20150723,725.9400,734.5000,721.6000,723.5000,1059000
20150724,728.7900,729.1000,724.3100,725.0000,591000
20150727,731.4400,733.8000,724.1400,726.0000,712700
20150728,730.7800,737.4700,726.5100,735.1500,433900
20150729,738.4200,739.4900,731.1600,732.0000,594800
20150730,744.1600,745.0000,733.5200,737.0000,441400
20150731,742.2300,746.4000,740.1400,745.7300,386200
20150803,743.0400,744.6100,735.1400,743.4700,453500
20150804,748.0900,749.7500,740.5600,741.9900,399500
20150805,757.7700,758.6100,748.3900,749.3900,533900
20150806,749.6000,758.4900,746.0100,758.4900,405500
20150807,749.1200,751.9700,742.0100,751.9700,385200
20150810,744.2400,755.6700,743.6800,755.6700,434800
20150811,745.6600,749.8800,737.6900,742.6200,461100
20150812,745.9800,747.9700,733.9600,741.1500,447000
20150813,743.6000,749.9800,743.2000,748.1000,223300
20150814,748.3400,748.7000,741.0900,745.9400,241300
20150817,754.0300,754.7500,744.1900,744.1900,272300
20150818,745.9200,758.2700,745.1000,754.0500,410300
20150819,745.2800,750.5600,741.5000,742.2000,280200
20150820,735.1500,744.7700,734.2200,741.3100,449500
20150821,720.0100,731.4200,718.5000,729.4800,706700
20150824,704.2500,723.4500,685.0000,695.0000,839500
20150825,695.3900,722.9400,695.3900,722.2600,696500
20150826,707.6400,708.2400,691.8700,703.1500,732300
20150827,727.1700,730.0000,710.2400,713.1200,583800
20150828,721.2000,728.1700,717.0900,725.0000,235600
20150831,710.0100,722.1000,707.5000,719.7900,464300
20150901,706.7100,714.1900,696.1000,697.9500,409000
20150902,723.8700,724.0000,710.5800,713.6900,374300
20150903,724.9900,729.4400,721.9100,722.5000,297400
20150904,719.2300,729.9100,718.3600,718.3600,293900
20150908,732.1400,733.8300,721.8800,731.4600,241100
20150909,718.8300,736.0100,717.6400,734.0000,340300
20150910,723.1900,725.8700,718.0000,718.2500,220300
20150911,729.0600,729.9500,714.0200,721.2200,644000
20150914,726.8000,730.5000,723.0700,728.4800,267700
20150915,732.0800,733.5000,720.7000,725.8100,296000
20150916,730.0100,734.7500,725.1900,734.7500,308700
20150917,730.2000,738.9900,726.0100,728.4700,285100
20150918,729.4800,731.5900,724.1200,728.9800,522000
20150921,731.1900,737.8600,725.4500,729.3000,325300
20150922,726.9700,729.5300,722.0000,724.9900,354200
20150923,731.5700,733.2200,725.4500,727.5000,213000
20150924,731.1700,731.9500,721.6100,729.7700,405600
20150925,730.2800,741.8900,728.4400,733.8300,420100
20150928,708.0300,734.5000,707.5000,730.5200,565700
20150929,708.5400,721.1600,701.7300,707.5900,483000
20150930,720.2500,720.7100,710.0000,714.8900,355400
20151001,724.4300,724.5700,714.2100,717.6000,315000
20151002,724.4500,724.4500,709.4500,717.4800,502800
20151005,728.0800,729.8300,723.5200,726.8600,426500
20151006,713.2500,727.6000,711.6600,727.1600,359700
20151007,720.1600,720.6900,705.1700,713.5000,386700
20151008,734.7700,738.4700,718.9000,722.0000,497400
20151009,732.9300,738.0000,726.8700,734.7700,355600
20151012,747.8200,750.5000,729.2100,734.5700,433600
20151013,750.4200,757.0000,747.0000,747.0000,418200
20151014,718.5600,742.4000,710.9100,739.0000,961300
20151015,723.8100,724.9400,708.5000,718.5600,628600
20151016,722.7000,728.2400,720.0600,728.0000,346600
20151019,718.6400,725.1700,709.6600,723.4300,714400
20151020,705.6300,720.5000,705.6300,717.2500,1291300
20151021,665.6700,666.0000,646.8000,650.6100,2007100
20151022,650.6200,669.1100,650.2100,666.4600,803100
20151023,649.7200,657.9900,645.1300,657.9900,690800
20151026,659.6900,668.3600,645.9500,646.6400,672000
20151027,656.5500,662.9800,651.5600,659.6800,388100
20151028,654.8900,658.7600,652.4900,656.8900,507200
20151029,648.2000,654.8400,647.3100,649.4200,381700
20151030,640.2300,653.2700,640.0500,648.0000,643600
20151102,624.0000,631.0000,608.5200,610.0000,2140200
20151103,623.1600,631.4800,620.0000,627.6700,920800
20151104,614.9800,626.8000,612.1000,625.8500,1216100
20151105,617.2300,619.1800,609.4600,616.7300,834100
20151106,612.4000,613.4900,594.0000,609.0000,1596600
20151109,609.2900,622.0000,606.0900,613.0100,754200
20151110,628.8800,629.6500,617.0600,623.4800,1089800
20151111,621.8400,632.9800,619.3500,631.5300,596100
20151112,614.6800,624.5900,612.9600,621.8400,592800
20151113,592.8900,616.2500,592.0600,613.6000,1215700
20151116,588.7400,593.8500,583.0700,591.2300,838100
20151117,583.5800,595.3900,579.6600,589.9900,580900
20151118,594.0000,594.0100,580.7800,583.8900,517800
20151119,611.5100,614.7000,595.0100,595.4100,1125200
20151120,536.1900,614.7000,534.2000,612.0000,5023600
20151123,559.2900,569.0300,532.0300,534.0800,3662600
20151124,577.7900,579.2800,553.1600,557.0200,1321400
20151125,580.8300,585.8000,570.1000,584.7100,1179600
20151127,576.6200,584.4800,575.7800,584.4800,312800
20151130,579.5500,584.2300,577.0300,577.5000,661100
20151201,580.7400,589.1500,575.0000,583.2800,737600
20151202,574.6600,586.5800,571.5200,582.8400,692100
20151203,565.3100,578.6500,558.5100,577.9500,1352000
20151204,561.2000,568.7600,537.1700,558.8900,2708500
20151207,551.7500,553.3200,515.0000,516.8300,4465800
20151208,542.2400,550.0000,521.0100,532.1100,4056100
20151209,548.0100,560.6700,543.2400,546.6000,2110400
20151210,575.4300,579.5200,563.3100,564.0000,2626400
20151211,565.0000,572.0000,562.4200,563.0000,1527700
20151214,558.1600,567.3400,549.7600,566.6800,904800
20151215,554.8600,564.5500,553.5700,560.1300,914500
20151216,567.8300,569.2800,554.2000,556.1500,872000
20151217,554.8900,577.7600,554.6000,575.0100,1144800
20151218,541.0800,555.3400,540.5000,553.7800,1506400
20151221,522.0100,544.8800,508.1000,544.2500,3098000
20151222,494.6100,512.3300,494.1100,511.3800,4564400
20151223,497.4800,501.2500,482.2300,490.1600,2457300
20151224,495.1000,501.9800,494.3000,498.8700,894200
20151228,493.5200,499.0000,485.7600,495.9700,956800
20151229,489.9400,497.2400,489.0300,494.1000,866400
20151230,485.7900,492.9900,482.8000,490.0000,1060800
20151231,479.8500,485.7800,477.9700,483.1100,1192700
20160104,448.8100,469.0000,447.5000,468.7000,2690300
20160105,449.0300,459.8800,446.8000,450.0000,2161300
20160106,426.6700,447.0000,423.0000,437.9400,3646900
20160107,416.0000,425.1900,411.6100,415.0800,1892000
20160108,413.2900,426.2900,411.7400,419.8400,1297200
20160111,411.1000,419.9200,406.3500,416.6500,1462500
20160112,404.2600,420.8000,399.1400,415.5000,1658400
20160113,428.2800,432.3000,406.6500,407.8000,3552500
20160114,454.3000,463.5100,436.5000,447.0000,3769900
20160115,475.9400,476.4300,441.1500,441.1500,3301700
20160119,469.4700,478.3700,456.1000,478.3600,2255800
20160120,465.5000,472.7900,451.0900,462.7500,1786700
20160121,461.2000,475.5900,461.0000,469.7900,1198900
20160122,450.7600,466.3300,446.7000,466.2200,1430300
20160125,442.1700,448.9200,431.5200,447.9200,1573700
20160126,448.1500,449.9000,440.0100,442.0000,767000
20160127,442.6400,454.4900,442.2500,448.5000,1317100
20160128,453.0800,455.9800,443.3000,446.9800,1020000
20160129,452.9700,470.0000,451.3300,455.7600,1534600
20160201,472.6400,479.0000,463.0100,476.1200,2337000
20160202,475.6700,484.2000,468.3000,471.0000,2725200
20160203,461.7400,466.6400,440.4100,459.7000,3798700
20160204,470.9000,476.6700,456.0000,460.0000,1489600
20160205,460.1400,475.5900,454.4500,469.8500,1528000
20160208,445.0000,461.1100,435.8700,454.6900,1427300
20160209,440.9300,452.0200,436.8600,441.9000,1139000
20160210,448.8100,453.8000,442.5000,443.9900,992200
20160211,461.3900,467.7800,441.0100,444.0000,1283300
20160212,480.5700,487.9800,465.4600,466.1100,1755100
20160216,492.9400,493.0000,478.0000,484.0100,1131200
20160217,514.0100,514.8000,495.2200,495.4300,1638900
20160218,515.9300,518.8600,502.0500,515.0000,1129000
20160219,511.5800,526.2300,509.5000,512.2000,1413400
20160222,525.9000,529.3900,514.4900,515.0000,1429000
20160223,525.0600,530.8500,513.1100,514.0000,1451700
20160224,514.8600,522.8700,512.6600,519.7700,1040300
20160225,505.3300,515.8500,497.5100,514.2100,1180900
20160226,506.0100,508.0000,493.1100,507.0000,1030100
20160229,509.1600,522.5200,506.7700,508.0000,1426700
20160301,509.9700,516.0000,506.0300,514.2500,854800
20160302,525.6900,528.9500,512.8000,512.8000,1208000
20160303,524.2900,530.1300,519.2700,520.0000,1080300
20160304,529.0000,541.9300,527.3000,529.2900,1511900
20160307,533.6900,536.0000,520.0800,522.9700,824900
20160308,524.6900,542.5000,523.4200,536.3000,1103700
20160309,506.6300,518.6100,492.5000,512.5600,3399300
20160310,503.6800,514.0000,498.9300,509.9000,1309400
20160311,507.8500,514.8900,504.2500,507.3700,1314900
20160314,515.7300,521.5100,508.0100,508.8700,1149600
20160315,503.0000,511.5000,499.4200,510.9900,1213700
20160316,500.3500,506.0000,473.1100,479.8600,3119600
20160317,471.5900,497.4200,470.8000,494.0300,2282000
20160318,455.3700,473.4200,454.5000,469.9800,2878500
20160321,462.4800,463.4200,452.7800,455.2000,1347700
20160322,471.7600,474.1200,458.4000,462.0300,1026800
20160323,474.4600,481.6300,471.0000,472.9600,798200
20160324,471.3700,472.3500,462.4500,471.4400,1019200
20160328,475.3100,480.6200,472.4900,474.0000,738800
20160329,460.0000,468.1200,453.8700,466.4500,1540400
20160330,466.1500,471.0000,454.2400,462.0000,1068600
20160331,470.9700,473.7500,462.5100,468.9500,802400
20160401,464.8100,467.9000,455.7500,459.3300,988500
20160404,465.0000,473.1700,463.0100,466.4900,676000
20160405,463.4200,470.1900,460.2300,461.2500,629500
20160406,455.2500,466.1500,454.8000,462.0900,989400
20160407,450.6000,455.9200,444.4400,455.6000,1288300
20160408,451.2500,458.7500,448.5300,451.2500,831700
20160411,444.2100,456.5600,444.0000,453.5400,825100
20160412,444.6200,447.0000,434.0600,445.5200,1065100
20160413,444.6600,446.6400,435.8900,442.7300,1067700
20160414,456.0100,460.9900,452.0000,460.0000,1170200
20160415,469.2900,469.9800,457.0000,457.1400,1271100
20160418,460.1200,468.9900,458.0000,468.0000,925400
20160419,455.1800,465.0000,452.5000,462.0100,648800
20160420,458.0000,462.9900,454.0000,457.1100,483100
20160421,448.1400,462.8000,447.5900,461.0000,740200
20160422,442.7300,453.9900,438.2600,452.1500,921800
20160425,443.1000,444.9500,438.0000,442.7000,977200
20160426,445.9200,447.2700,438.7200,445.0000,1719100
20160427,417.2200,430.0000,415.0000,425.0000,3884600
20160428,423.4000,431.4200,417.3800,417.8300,1429100
20160429,420.9700,424.7400,417.7500,422.8900,963100
20160502,433.5000,434.1500,420.3300,422.0000,965500
20160503,437.9500,447.4600,433.2800,433.6000,1290400
20160504,433.3000,438.7000,432.1000,437.0600,674800
20160505,435.0000,438.2600,430.7500,433.8300,609900
20160506,433.8100,435.3300,426.0300,434.0000,733600
20160509,453.1700,456.8800,435.0500,435.0500,1420900
20160510,455.5900,456.7700,449.0100,456.6300,781100
20160511,454.0000,459.3000,450.2700,455.9700,1046000
20160512,457.0100,461.3000,456.3500,457.0800,1092900
20160513,458.3500,464.9000,455.1200,457.0100,899400
20160516,444.5600,452.7100,438.5300,452.0700,1493000
20160517,446.0800,449.8400,444.2600,445.0300,735700
20160518,448.6100,450.3000,441.4000,444.7000,548400
20160519,450.6400,454.3700,447.1800,447.1800,606400
20160520,449.9200,450.2300,439.8100,448.9000,1314200
20160523,456.4400,467.0000,451.0700,452.6200,1056200
20160524,457.3300,461.0400,453.3900,460.0000,651500
20160525,458.0400,462.9400,455.6200,458.5000,693600
20160526,452.0300,460.7700,451.5100,452.5000,744000
20160527,445.4100,453.5300,442.6500,452.5000,1006300
20160531,441.9600,446.9300,439.1300,445.0000,983900
20160601,432.5900,443.5600,431.3100,442.1100,792600
20160602,443.4900,444.5400,433.1000,433.8100,1019900
20160603,433.9400,441.2300,433.6400,440.3700,874800
20160606,445.2700,446.6500,435.0200,436.1200,800700
20160607,433.3900,447.0800,432.5200,446.5600,944100
20160608,429.2000,434.8700,423.0000,433.0000,990200
20160609,415.7900,427.2000,415.1500,426.1200,1198400
20160610,405.2600,413.8700,403.1300,412.5600,1562700
20160613,394.0000,405.4000,393.6300,400.2600,1846300
20160614,395.2700,395.8700,384.7700,390.6000,1633700
20160615,390.3100,402.3500,389.4100,396.1400,1201300
20160616,393.5500,396.6700,389.5900,393.2400,1072300
20160617,397.2700,400.4100,393.0000,395.5000,1275100
20160620,396.9400,401.9600,396.6900,399.7900,936800
20160621,391.9600,399.6600,387.8900,399.3700,1050000
20160622,392.9900,396.8800,388.1800,391.0000,865000
20160623,408.8900,413.0200,393.2000,393.2500,1575600
20160624,400.7300,413.5700,396.7500,397.2500,1701000
20160627,388.7800,400.2200,386.7000,399.5600,1170300
20160628,391.6700,397.4400,389.0000,396.3900,722500
20160629,409.4900,410.3400,395.4900,396.4300,1016600
20160630,402.7600,409.8700,401.5700,409.4900,1073900
20160701,393.9100,405.2900,391.5100,400.0000,1223400
20160705,396.3800,399.3000,391.0100,395.0000,889100
20160706,401.0500,402.0600,393.8500,393.8500,786200
20160707,390.7800,395.5600,386.1000,393.9900,1747800
20160708,399.7100,404.0900,392.1000,393.0000,1070900
20160711,403.1800,413.0000,402.0900,407.0100,1009500
20160712,408.3400,410.6600,401.1300,405.3800,709600
20160713,416.6300,421.9700,411.0100,411.4000,1420800
20160714,417.9800,422.1800,412.0000,420.9400,1165700
20160715,404.8600,411.9400,404.1000,409.6300,1579900
20160718,408.9000,410.9000,402.2600,404.9200,750700
20160719,415.3100,419.6500,413.0000,413.9100,909600
20160720,419.6800,420.6200,414.0900,415.2400,846900
20160721,418.0700,420.1600,412.4200,419.6800,1547400
20160722,442.4800,444.1300,412.1900,414.6500,4167900
20160725,441.5200,443.5000,435.0000,443.0000,1481400
20160726,430.8500,439.2400,429.8500,431.9500,1102600
20160727,426.0600,434.7100,425.6400,431.9000,696200
20160728,430.5500,432.7700,421.2700,425.5600,844200
20160729,423.9900,430.5300,422.7000,428.6900,783700
20160801,414.0800,426.0000,413.8600,423.6000,1004900
20160802,402.6400,412.7000,401.2000,412.7000,1195500
20160803,402.5600,407.6400,400.0000,402.0000,786000
20160804,397.2000,404.7700,394.3400,402.0000,872400
20160805,401.1300,403.6400,398.2700,399.4500,808800
20160808,401.4000,404.2600,400.7000,402.4800,547100
20160809,395.1000,404.7600,394.3600,401.1700,655400
20160810,395.0700,397.3200,391.2000,395.0000,813800
20160811,398.2200,399.1600,394.2000,395.0700,676900
20160812,397.3300,399.0000,395.6200,396.7100,792500
20160815,397.4800,399.8900,394.4000,397.3300,703100
20160816,400.8600,405.2600,396.5000,398.4700,697900
20160817,399.1800,401.8800,395.1600,401.0000,792000
20160818,394.9100,397.8100,392.5700,396.9700,1044800
20160819,388.5000,395.0100,387.0100,393.7600,1323000
20160822,396.0400,397.2500,388.5300,389.0000,1104900
20160823,397.0000,399.0000,391.9600,396.0200,786800
20160824,403.7500,405.5000,396.8600,397.0000,1085600
20160825,413.3400,416.9000,402.4900,403.7500,1504000
20160826,418.7500,419.2300,412.0200,413.4400,1026300
20160829,423.0200,426.6200,419.2000,420.0000,1179600
20160830,415.1500,423.4800,412.6800,422.4600,1221800
20160831,413.7300,418.9500,412.0000,415.2500,1141100
20160901,414.6800,415.8900,410.6400,415.8100,793400
20160902,408.4100,414.8900,408.0500,414.2500,1007000
20160906,414.0700,415.4800,406.0200,408.2500,1087600
20160907,438.4500,441.2000,430.0000,431.2300,3223100
20160908,436.3100,440.2400,434.7600,437.5500,1236800
20160909,426.5500,436.2600,426.4100,434.8300,992500
20160912,428.9000,429.7400,422.9900,423.3900,778000
20160913,421.3600,425.1300,417.7100,424.3200,995800
20160914,414.9000,424.5900,412.1100,423.6600,875900
20160915,413.9600,418.9400,411.5800,414.9000,1127000
20160916,409.3200,414.8900,406.5000,413.0600,1213900
20160919,402.7600,410.6600,401.3200,409.4800,1139800
20160920,400.4200,404.9100,395.1100,402.7600,1490700
20160921,399.7500,403.4900,395.5000,398.3000,924200
20160922,410.1600,410.4300,403.0600,404.0000,959400
20160923,413.8100,417.7400,408.7200,409.1800,1041500
20160926,419.8800,422.6000,408.5900,412.7300,1070800
20160927,418.9500,422.5000,415.4300,419.5000,644100
20160928,418.3100,421.3300,413.2200,419.8100,819300
20160929,420.7300,425.5000,415.4200,418.0000,905400
20160930,423.5000,428.9000,418.0100,421.3600,996500
20161003,430.8700,433.9500,422.5400,423.0300,890600
20161004,427.2700,434.1400,425.3300,433.0900,655600
20161005,427.8400,430.9600,424.4000,427.9500,628800
20161006,424.4900,428.8600,423.1000,425.9000,563700
20161007,429.9100,432.0000,425.4200,426.0800,980500
20161010,437.8800,440.0000,429.0000,433.7200,1281600
20161011,423.0200,437.7400,418.0000,437.7400,2031300
20161012,418.5200,425.0000,417.0900,423.2200,713000
20161013,409.8100,416.0000,408.2500,414.1100,869900
20161014,404.1400,414.9500,403.1600,411.1500,974300
20161017,394.3500,401.9300,393.0000,401.0500,1244500
20161018,393.9600,398.0000,389.1000,395.7000,1180700
20161019,405.2500,406.8300,394.3900,394.3900,916900
20161020,405.1000,410.3600,402.0000,403.7900,765200
20161021,411.9400,415.4600,403.3800,405.5300,1034400
20161024,413.3500,417.8300,407.9300,416.4400,1308900
20161025,405.6700,417.6100,403.7900,410.5100,2218500
20161026,368.0200,388.8500,362.8200,387.2400,6291300
20161027,368.5900,373.4500,363.5800,369.3900,1936100
20161028,370.0800,373.0000,366.1900,368.6800,1187400
20161031,360.7600,372.5100,360.1500,370.1100,1264500
20161101,359.9200,364.7800,352.9600,360.2800,1416800
20161102,369.6300,370.6000,358.6300,361.5800,1600800
20161103,374.7100,376.7300,366.5100,367.3200,1356800
20161104,370.4300,379.0000,369.7600,374.5900,1015500
20161107,382.4900,386.7900,373.6700,377.0500,1491800
20161108,378.5400,381.0200,370.7900,379.9400,1307100
20161109,369.5200,380.9900,368.9000,371.5000,1961100
20161110,391.8300,396.8200,372.4000,372.5500,2186800
20161111,397.0800,398.9500,388.1300,390.3500,1128100
20161114,414.1800,419.3000,397.6300,398.5600,1817400
20161115,400.0000,413.2000,397.9200,412.9900,1201500
20161116,402.9000,408.4900,397.1400,399.0000,984900
20161117,402.9000,407.8400,394.1100,395.7000,1041400
20161118,411.8000,417.3700,400.7100,407.3700,1484900
20161121,412.3800,413.5000,407.3600,410.5900,814100
20161122,405.9900,411.5400,401.6500,409.6600,871200
20161123,410.4100,414.7400,404.7000,406.0000,606500
20161125,410.2800,412.8000,405.0600,410.9300,355400
20161128,399.3900,409.8900,399.2800,406.9900,823000
20161129,395.1100,402.9600,394.6900,399.9000,744100
20161130,396.3300,402.8600,395.6400,396.2000,904300
20161201,402.3800,406.8800,396.9400,396.9900,910600
20161202,400.0300,408.2500,398.4000,399.8400,838100
20161205,396.2700,410.8300,395.4000,400.0200,1117000
20161206,366.3700,381.7700,362.5500,379.9200,4862500
20161207,368.0600,369.9500,362.4500,368.7500,1589000
20161208,369.0600,375.2300,366.4900,368.1500,1353700
20161209,370.0000,371.6000,366.0700,369.0300,1279700
20161212,382.4800,384.5300,374.2500,375.3100,2067300
20161213,377.2200,381.0000,375.0000,379.0000,1113200
20161214,375.7000,385.2000,374.0000,376.8300,1194700
20161215,382.3500,385.7900,375.0500,376.0000,1100500
20161216,392.0700,394.8800,383.0500,383.0500,1347400
20161219,389.5000,395.9000,389.0000,390.5400,652300
20161220,389.4700,392.9100,387.2600,390.5100,624100
20161221,393.5000,394.9100,388.2500,389.0000,803200
20161222,391.1600,396.4500,390.2300,393.8900,822600
20161223,389.7700,394.2800,388.5900,390.7900,483100
20161227,388.7500,392.3300,388.0200,388.5200,550700
20161228,385.3700,390.8800,385.1600,389.6000,492300
20161229,376.6100,387.0000,375.1300,385.5700,866900
20161230,377.3200,382.4900,375.1600,376.5200,888100
20170103,374.7700,380.3800,374.0800,379.1100,865200
20170104,381.8600,383.9000,372.8700,374.9100,981200
20170105,391.8900,392.6700,379.0500,382.6200,1270800
20170106,398.4400,399.8000,390.3600,391.5000,1117400
20170109,395.0600,399.2500,392.1100,398.7000,792500
20170110,414.4800,420.2300,408.2000,412.6400,3162600
20170111,413.9300,418.3200,410.3500,412.8500,1264500
20170112,409.3500,414.0000,407.8000,411.6300,850300
20170113,410.7500,413.9500,409.0100,409.9300,566900
20170117,405.8700,411.8700,404.4100,406.4100,794100
20170118,409.7400,411.0000,399.0300,407.3500,822800
20170119,408.8700,410.9500,406.0000,409.7000,499500
20170120,405.2000,409.9800,404.8100,408.9100,578400
20170123,407.7200,409.2600,402.0100,405.7100,628400
20170124,417.8800,419.5700,405.7800,407.7200,686200
20170125,419.5400,425.6100,418.5700,419.0000,729100
20170126,418.7300,425.1000,417.5000,421.0000,469400
20170127,416.6000,419.5000,412.1700,419.0600,552100
20170130,417.9500,421.7000,414.7400,416.2100,586700
20170131,421.4400,422.2500,415.4800,416.7300,735900
20170201,420.2300,422.5800,417.6100,420.3100,749300
20170202,423.3000,427.6700,413.6700,420.0000,1112000
20170203,404.0800,434.5900,402.8900,430.9500,3568100
20170206,395.5900,402.0000,395.0800,398.8100,1495900
20170207,398.6400,401.5000,395.7200,396.2500,1269200
20170208,402.9400,408.2300,398.6900,400.5000,1071500
20170209,415.3100,417.5100,403.6300,404.3500,1287500
20170210,413.3600,420.7600,412.7700,416.2600,878400
20170213,414.1400,419.4700,413.5500,415.7200,585800
