20140218,37.4200,37.7800,37.4100,37.6300,32834000
20140219,37.5100,37.7500,37.2100,37.2200,29750400
20140220,37.7500,37.8700,37.4000,37.5700,27526100
20140221,37.9800,38.3500,37.8600,37.9400,38021300
20140224,37.6900,37.9800,37.5400,37.6900,32085100
20140225,37.5400,37.8500,37.3500,37.6100,30736500
20140226,37.4700,37.7400,37.1900,37.5800,41041800
20140227,37.8600,37.8900,37.2300,37.4500,33903400
20140228,38.3100,38.4600,37.8200,37.9800,41215000
20140303,37.7800,38.1300,37.4900,37.9200,29717500
20140304,38.4100,38.4800,38.0700,38.2000,26802400
20140305,38.1100,38.2700,37.9300,38.2500,20520100
20140306,38.1500,38.2400,37.8900,38.1400,23582200
20140307,37.9000,38.3600,37.6900,38.2800,26591600
20140310,37.8200,38.0100,37.7200,37.9900,19006600
20140311,38.0200,38.2300,37.7200,37.8700,25216400
20140312,38.2700,38.4300,37.7900,37.8000,30494100
20140313,37.8900,38.4500,37.6400,38.4200,32169700
20140314,37.7000,38.1400,37.5100,37.6500,27195600
20140317,38.0500,38.4100,37.7900,37.9000,20479600
20140318,39.5500,39.9000,38.2200,38.2600,64063900
20140319,39.2700,39.5500,38.9100,39.4700,35597200
20140320,40.3300,40.6500,39.2400,39.2500,59269800
20140321,40.1600,40.9400,40.0100,40.7200,80721800
20140324,40.5000,40.6400,39.8600,40.3400,46098400
20140325,40.3400,40.9900,39.9600,40.6600,43193100
20140326,39.7900,40.7100,39.6000,40.4800,41977500
20140327,39.3600,39.9700,39.3400,39.7400,35369200
20140328,40.3000,40.6400,39.6800,39.7900,43472700
20140331,40.9900,41.5000,40.4000,40.4300,46886300
20140401,41.4200,41.5900,41.0700,41.1500,32605000
20140402,41.3500,41.6600,41.1700,41.4400,28666700
20140403,41.0100,41.2900,40.7100,41.2900,30139600
20140404,39.8700,41.3900,39.6400,41.2500,51409600
20140407,39.8000,40.2700,39.7400,39.9600,37559600
20140408,39.8200,39.9300,39.2000,39.7500,35918600
20140409,40.4700,40.5500,39.8800,39.9300,27398700
20140410,39.3600,40.6900,39.0900,40.4400,45960800
20140411,39.2100,39.7900,39.0000,39.0000,34330200
20140414,39.1800,39.4100,38.9000,39.1100,32006600
20140415,39.7500,39.9600,39.0500,39.3400,33968700
20140416,40.4000,40.4200,39.9100,40.0600,30615800
20140417,40.0100,40.2000,39.5100,40.0100,36688400
20140421,39.9400,40.1500,39.7900,40.1300,22221200
20140422,39.9900,40.1400,39.8300,39.9600,27056700
20140423,39.6900,39.9900,39.4700,39.9900,24602800
20140424,39.8600,39.9700,39.3000,39.7400,42381600
20140425,39.9100,40.6800,39.7500,40.2900,56876800
20140428,40.8700,41.2900,40.0900,40.1400,50610200
20140429,40.5100,41.1900,40.3900,41.1000,29636200
20140430,40.4000,40.5000,40.1700,40.4000,35458700
20140501,40.0000,40.3600,39.9500,40.2400,28787400
20140502,39.6900,40.3400,39.6600,40.3100,43416600
20140505,39.4300,39.6400,39.3000,39.5200,22460900
20140506,39.0600,39.3500,38.9500,39.2900,27112400
20140507,39.4200,39.5100,38.5100,39.2200,41744500
20140508,39.6400,39.9000,38.9700,39.3400,32120400
20140509,39.5400,39.8500,39.3700,39.5400,29647600
20140512,39.9700,40.0200,39.6500,39.7400,22782600
20140513,40.4200,40.5000,39.8500,39.9200,27004800
20140514,40.2400,40.4500,40.0500,40.3000,18818700
20140515,39.6000,40.4000,39.5100,40.0900,37793200
20140516,39.8300,39.8400,39.2700,39.6700,29867100
20140519,39.7500,39.8200,39.4600,39.6100,24537400
20140520,39.6800,39.9400,39.4600,39.6800,21320900
20140521,40.3500,40.3500,39.7400,39.8000,22398700
20140522,40.1000,40.3500,39.8500,40.2900,20201800
20140523,40.1200,40.3700,40.0000,40.3700,18020000
20140527,40.1900,40.2600,39.8100,40.2600,26160600
20140528,40.0100,40.1900,39.8200,40.1400,25711500
20140529,40.3400,40.3500,39.9100,40.1500,19888200
20140530,40.9400,40.9700,40.2500,40.4500,34567600
20140602,40.7900,41.0900,40.6800,40.9500,18504300
20140603,40.2900,40.6800,40.2500,40.6000,18068900
20140604,40.3200,40.3700,39.8600,40.2100,23209000
20140605,41.2100,41.2500,40.4000,40.5900,31865200
20140606,41.4800,41.6600,41.2400,41.4800,24060500
20140609,41.2700,41.4800,41.0200,41.3900,15019200
20140610,41.1100,41.1600,40.8600,41.0300,15117700
20140611,40.8600,41.0700,40.7700,40.9300,18040000
20140612,40.5800,40.8800,40.2900,40.8100,29818900
20140613,41.2300,41.5700,40.8600,41.1000,26310000
20140616,41.5000,41.6100,41.0400,41.0400,24205300
20140617,41.6800,41.9100,40.3400,41.2900,22518600
20140618,41.6500,41.7400,41.1800,41.6100,27097000
20140619,41.5100,41.7700,41.3300,41.5700,19828200
20140620,41.6800,41.8300,41.3800,41.4500,47764900
20140623,41.9900,42.0000,41.6900,41.7300,18743900
20140624,41.7500,41.9400,41.5600,41.8300,26509100
20140625,42.0300,42.0500,41.4600,41.7000,20049100
20140626,41.7200,41.9400,41.4300,41.9300,23604400
20140627,42.2500,42.2900,41.5100,41.6100,74640000
20140630,41.7000,42.2100,41.7000,42.1700,30793100
20140701,41.8700,42.1500,41.6900,41.8600,26917000
20140702,41.9000,41.9000,41.5300,41.7300,20208100
20140703,41.8000,41.9900,41.5600,41.9100,15969300
20140707,41.9900,42.1200,41.7100,41.7500,21952400
20140708,41.7800,42.0000,41.6100,41.8700,31218200
20140709,41.6700,41.9900,41.5300,41.9800,18445900
20140710,41.6900,42.0000,41.0500,41.3700,21854700
20140711,42.0900,42.0900,41.4800,41.7000,24083000
20140714,42.1400,42.4500,42.0400,42.2200,21881100
20140715,42.4500,42.4700,42.0300,42.3300,28748700
20140716,44.0800,44.3100,42.4800,42.5100,63318000
20140717,44.5300,45.7100,44.2500,45.4500,82180304
20140718,44.6900,44.8400,44.2500,44.6500,43407500
20140721,44.8400,45.1600,44.2200,44.5600,37604400
20140722,44.8300,45.1500,44.5900,45.0000,43095800
20140723,44.8700,45.4500,44.6200,45.4500,52362900
20140724,44.4000,45.0000,44.3200,44.9300,30725300
20140725,44.5000,44.6600,44.3000,44.3000,26737700
20140728,43.9700,44.5100,43.9300,44.3600,29684200
20140729,43.8900,44.0900,43.6400,43.9100,27763100
20140730,43.5800,44.1000,43.2900,44.0700,31921400
20140731,43.1600,43.6900,43.0800,43.3800,31537500
20140801,42.8600,43.2500,42.6000,43.2100,31170300
20140804,43.3700,43.4700,42.8100,42.9700,34277400
20140805,43.0800,43.4600,42.8300,43.3100,26266400
20140806,42.7400,43.1700,42.2100,42.7400,24634000
20140807,43.2300,43.4500,42.6500,42.8400,30314900
20140808,43.2000,43.3200,42.9100,43.2300,28942700
20140811,43.2000,43.4500,43.0200,43.2600,20351600
20140812,43.5200,43.5900,43.0000,43.0400,21431100
20140813,44.0800,44.1800,43.5200,43.6800,22889500
20140814,44.2700,44.4200,44.0100,44.0800,19313200
20140815,44.7900,44.9000,44.4000,44.5800,41611300
20140818,45.1100,45.1100,44.6800,44.9400,26891100
20140819,45.3300,45.3400,44.8300,44.9700,28139500
20140820,44.9500,45.4000,44.9000,45.3400,24770500
20140821,45.2200,45.2500,44.8300,44.8400,22285500
20140822,45.1500,45.4700,45.0700,45.3500,18294500
20140825,45.1700,45.4400,45.0400,45.4000,16910000
20140826,45.0100,45.4000,44.9400,45.3100,14873100
20140827,44.8700,45.0000,44.7600,44.9000,21287900
20140828,44.8800,44.9800,44.6100,44.7500,17657600
20140829,45.4300,45.4400,44.8600,45.0900,21607600
20140902,45.0900,45.4600,44.8500,45.4300,22976800
20140903,44.9600,45.1100,44.5300,44.5300,33684500
20140904,45.2600,45.2700,44.7200,44.7400,26475500
20140905,45.9100,45.9300,45.1100,45.1100,36939400
20140908,46.4700,46.8000,45.9900,46.0200,45736700
20140909,46.7600,46.9700,46.4200,46.4700,40302400
20140910,46.8400,46.9400,46.2800,46.8200,27302400
20140911,47.0000,47.0000,46.4700,46.7400,29216400
20140912,46.7000,47.0200,46.6000,46.9100,38244700
20140915,46.2400,46.7100,46.1000,46.5400,37667600
20140916,46.7600,46.8500,46.2900,46.3900,27910600
20140917,46.5200,46.6900,46.2300,46.2600,38311900
20140918,46.6800,46.8300,46.4600,46.5900,35556600
20140919,47.5200,47.5700,46.6000,46.8100,202522400
20140922,47.0600,47.3800,46.9800,47.3000,38686100
20140923,46.5600,46.9800,46.4700,46.8500,33430300
20140924,47.0800,47.1100,46.3400,46.6300,26582700
20140925,46.0400,47.0900,46.0300,46.8800,33077400
20140926,46.4100,46.6200,45.7600,45.9300,27078800
20140929,46.4400,46.5600,45.7600,45.9800,26091000
20140930,46.3600,46.4800,46.0100,46.3700,33033100
20141001,45.9000,46.5300,45.8500,46.2700,38088400
20141002,45.7600,46.1000,45.6400,45.8300,25119400
20141003,46.0900,46.3000,45.6100,45.9800,32453200
20141006,46.0900,46.3000,45.9200,46.1200,20604000
20141007,45.5300,45.9300,45.4200,45.8600,25723700
20141008,46.7800,46.8900,45.3400,45.4800,33031000
20141009,45.8500,46.8000,45.7400,46.5000,34422800
20141010,44.0300,46.1200,43.9500,45.6000,51978100
20141013,43.6500,44.5600,43.4900,43.8200,37100200
20141014,43.7300,44.3800,43.5600,43.8700,38115700
20141015,43.2200,43.3900,42.1000,43.0000,60218700
20141016,42.7400,43.0800,42.2200,42.5300,49040400
20141017,43.6300,43.9400,42.7900,43.2000,40683300
20141020,44.0800,44.1400,42.8100,43.0600,34527900
20141021,44.8800,44.9800,44.1900,44.3600,36433800
20141022,44.3800,45.0700,44.2300,45.0000,33570900
20141023,45.0200,45.4500,44.5300,44.6200,45451900
20141024,46.1300,46.9000,45.1800,46.8300,61076700
20141027,45.9100,46.1000,45.7100,45.7100,30371300
20141028,46.4900,46.5000,45.7700,45.8600,29049800
20141029,46.6200,46.7000,46.3400,46.4400,30276100
20141030,46.0500,46.3200,45.7700,46.3200,30073900
20141031,46.9500,46.9700,46.4800,46.9400,35849700
20141103,47.4400,47.4600,46.7300,46.8900,23130400
20141104,47.5700,47.7300,47.2500,47.3000,21530800
20141105,47.8600,47.9000,47.2600,47.8000,22449600
20141106,48.7000,48.8600,47.7900,47.8600,33037800
20141107,48.6800,48.9200,48.2900,48.9200,28000600
20141110,48.8900,49.1500,48.5500,48.6500,36370100
20141111,48.8700,48.9500,48.6500,48.8500,23445200
20141112,48.7800,48.9200,48.5200,48.5600,22722100
20141113,49.6100,49.6500,48.7100,48.8100,26210400
20141114,49.5800,50.0500,49.3900,49.7400,29081700
20141117,49.4600,49.7100,49.1400,49.4100,30318600
20141118,48.7400,49.3300,48.7000,49.1300,23995500
20141119,48.2200,48.7500,47.9300,48.6600,26177500
20141120,48.7000,48.7000,47.8700,48.0000,21510600
20141121,47.9800,49.0500,47.5700,49.0200,42884800
20141124,47.5900,48.0000,47.3900,47.9900,35434200
20141125,47.4700,47.9700,47.4500,47.6600,28008000
20141126,47.7500,47.9900,47.2800,47.4900,27163600
20141128,47.8100,48.2000,47.6100,47.9500,21534400
20141201,48.6200,48.7800,47.7100,47.8800,31191600
20141202,48.4600,49.0500,48.2000,48.8400,25773500
20141203,48.0800,48.5000,47.8100,48.4400,23534800
20141204,48.8400,49.0600,48.2000,48.3900,30320400
20141205,48.4200,48.9700,48.3800,48.8200,27313400
20141208,47.7000,48.3500,47.4500,48.2600,26663100
20141209,47.5900,47.9200,47.0500,47.1100,24330500
20141210,46.9000,47.6600,46.7000,47.5800,30431800
20141211,47.1700,47.7400,46.6800,47.0800,29060400
20141212,46.9500,47.7300,46.6700,46.7800,34248400
20141215,46.6700,47.6700,46.5500,47.2000,29247800
20141216,45.1600,46.3400,45.1300,45.9000,47801400
20141217,45.7400,45.9500,44.9000,45.0500,34970900
20141218,47.5200,47.5200,46.3400,46.5800,40105600
20141219,47.6600,48.1000,47.1700,47.6300,64551200
20141222,47.9800,48.1200,47.7100,47.7800,26566000
20141223,48.4500,48.8000,48.1300,48.3700,23648100
20141224,48.1400,48.6400,48.0800,48.6400,11437800
20141226,47.8800,48.4100,47.8200,48.4100,13197800
20141229,47.4500,47.7800,47.2600,47.7000,14439500
20141230,47.0200,47.6200,46.8400,47.4400,16384700
20141231,46.4500,47.4400,46.4500,46.7300,21552500
20150102,46.7600,47.4200,46.5400,46.6600,27913900
20150105,46.3300,46.7300,46.2500,46.3700,39673900
20150106,45.6500,46.7500,45.5400,46.3800,36447900
20150107,46.2300,46.4600,45.4900,45.9800,29114100
20150108,47.5900,47.7500,46.7200,46.7500,29645200
20150109,47.1900,47.8200,46.9000,47.6100,23944200
20150112,46.6000,47.5400,46.3600,47.4200,23651900
20150113,46.3600,47.9100,46.0600,46.9700,35270600
20150114,45.9600,46.2400,45.6200,45.9600,29675300
20150115,45.4800,46.3800,45.4100,46.2200,32750800
20150116,46.2400,46.2800,45.1700,45.3100,35695300
20150120,46.3900,46.6500,45.5700,46.3000,36161900
20150121,45.9200,46.1400,45.4800,45.9400,39081100
20150122,47.1300,47.1400,46.0800,46.3800,35898000
20150123,47.1800,47.3900,46.8000,47.3600,26211600
20150126,47.0100,47.1300,46.2400,47.0000,42525500
20150127,42.6600,43.2000,42.1100,42.9500,169164000
20150128,41.1900,42.7900,41.1600,42.7400,84507104
20150129,42.0100,42.1200,40.7900,40.9300,63585300
20150130,40.4000,41.5800,40.3500,41.5500,78004896
20150202,41.2800,41.3700,40.2300,40.5900,50352500
20150203,41.6000,41.9300,41.0500,41.6300,52082400
20150204,41.8400,42.2100,41.3600,41.9400,41614800
20150205,42.4500,42.6400,41.8600,42.2200,36548200
20150206,42.4100,42.7900,42.1500,42.6800,34616600
20150209,42.3600,42.7400,42.2100,42.2400,31381100
20150210,42.6000,42.7700,42.1800,42.7400,29670700
20150211,42.3800,42.6500,42.2100,42.6500,38262500
20150212,43.0900,43.0900,42.5100,42.6600,33268800
20150213,43.8700,43.8700,43.1500,43.3800,40264900
20150217,43.5800,44.0000,43.1900,43.9700,33695700
20150218,43.5300,43.7000,43.3900,43.6300,27111700
20150219,43.5000,43.5300,43.0500,43.1800,27603400
20150220,43.8600,43.8800,43.2900,43.5100,29721100
20150223,44.1500,44.1900,43.6500,43.7000,32518800
20150224,44.0900,44.3000,43.9200,44.1500,25271700
20150225,43.9900,44.0900,43.8000,43.9500,29759800
20150226,44.0600,44.2300,43.8900,43.9900,28957300
20150227,43.8500,44.2000,43.6600,44.1300,33807700
20150302,43.8800,44.1900,43.5500,43.6700,31924000
20150303,43.2800,43.8300,43.0900,43.5600,31748600
20150304,43.0600,43.2100,42.8800,43.0100,25748700
20150305,43.1100,43.2400,42.8200,43.0700,23193500
20150306,42.3600,43.1100,42.1500,43.0000,36248800
20150309,42.8500,43.1300,42.1900,42.1900,32108000
20150310,42.0300,42.7100,42.0300,42.3500,39159700
20150311,41.9800,42.3700,41.8400,42.3100,32215300
20150312,41.0200,41.6500,40.8600,41.3300,59992500
20150313,41.3800,41.4700,40.6100,40.7000,58007700
20150316,41.5600,41.6400,41.2800,41.4700,35273500
20150317,41.7000,41.8300,41.1500,41.3700,31673400
20150318,42.5000,42.8300,41.3300,41.4300,44194800
20150319,42.2900,42.5900,42.2200,42.2600,33879100
20150320,42.8800,42.9800,42.4900,42.5600,71904496
20150323,42.8600,43.1300,42.7800,42.8800,26246100
20150324,42.9000,43.1700,42.7500,42.7800,25513300
20150325,41.4600,42.9300,41.4400,42.9200,43469900
20150326,41.2100,41.6100,40.9200,41.2200,37495600
20150327,40.9700,41.4300,40.8300,41.1200,34401400
20150330,40.9600,41.5400,40.9100,41.1000,35049700
20150331,40.6600,41.0300,40.5400,40.7800,34887200
20150401,40.7200,40.7600,40.3100,40.6000,36865300
20150402,40.2900,40.7400,40.1200,40.6600,37487500
20150406,41.5500,41.7800,40.1800,40.3400,39223700
20150407,41.5300,41.9100,41.3100,41.6100,28809400
20150408,41.4200,41.6900,41.0400,41.4600,24753400
20150409,41.4800,41.6200,41.2500,41.2500,25723900
20150410,41.7200,41.9500,41.4100,41.6300,28022000
20150413,41.7600,42.0600,41.3900,41.4000,30276700
20150414,41.6500,42.0300,41.3900,41.8000,24244400
20150415,42.2600,42.4600,41.6800,41.7600,27343600
20150416,42.1600,42.3400,41.8200,41.9500,22509700
20150417,41.6200,41.7400,41.1600,41.6700,42387600
20150420,42.9100,43.1700,41.6800,41.7300,46057700
20150421,42.6400,43.1500,42.5300,43.0000,26013800
20150422,42.9900,43.1300,42.5500,42.6700,25064300
20150423,43.3400,43.6100,42.8000,42.8900,46309500
20150424,47.8700,48.1400,45.6500,45.6600,130933696
20150427,48.0300,48.1300,47.2200,47.2300,59248200
20150428,49.1600,49.2100,47.7000,47.7800,60730800
20150429,49.0600,49.3100,48.5000,48.7200,47804600
20150430,48.6400,49.5400,48.6000,48.7000,64725500
20150501,48.6600,48.8800,48.4000,48.5800,38937300
20150504,48.2400,48.8700,48.1800,48.3700,34039500
20150505,47.6000,48.1600,47.3100,47.8200,50369200
20150506,46.2800,47.7700,46.0200,47.5700,52433000
20150507,46.7000,47.0900,46.1600,46.2700,32971700
20150508,47.7500,47.9800,47.5200,47.5500,35364900
20150511,47.3700,47.9100,47.3700,47.5500,24609400
20150512,47.3500,47.6800,46.4200,46.8500,29928300
20150513,47.6300,48.3200,47.5700,48.1900,34184600
20150514,48.7200,48.8200,48.0300,48.0300,32980900
20150515,48.3000,48.9100,48.0500,48.8700,28642700
20150518,48.0100,48.2200,47.6100,47.9800,24136500
20150519,47.5800,47.8100,47.1800,47.5600,28574800
20150520,47.5800,47.9300,47.2700,47.3900,25047900
20150521,47.4200,47.6000,47.0100,47.2800,22410700
20150522,46.9000,47.3500,46.8200,47.3000,25720600
20150526,46.5900,46.8800,46.1900,46.8300,29581900
20150527,47.6100,47.7700,46.6200,46.8200,27335600
20150528,47.4500,48.0200,47.3900,47.5000,19283700
20150529,46.8600,47.5700,46.5900,47.4300,36519600
20150601,47.2300,47.7700,46.6200,47.0600,28837300
20150602,46.9200,47.3500,46.6200,46.9300,21498300
20150603,46.8500,47.7400,46.8200,47.3700,27955200
20150604,46.3600,47.1600,46.2000,46.7900,27745500
20150605,46.1400,46.5200,45.8400,46.3100,25438100
20150608,45.7300,46.4300,45.6700,46.3000,22121600
20150609,45.6500,45.9400,45.4600,45.7600,24406100
20150610,46.6100,46.8300,45.6900,45.7900,28417400
20150611,46.4400,46.9200,46.1300,46.6600,27347800
20150612,45.9700,46.4700,45.9000,46.2200,23931000
20150615,45.4800,45.6500,45.0200,45.4500,33254500
20150616,45.8300,46.2400,45.3000,45.3500,27070300
20150617,45.9700,46.0700,45.3600,45.7300,28704100
20150618,46.7200,46.8000,46.1700,46.2200,32658300
20150619,46.1000,46.8300,45.9900,46.7900,63837000
20150622,46.2300,46.7200,46.1600,46.3300,20318100
20150623,45.9100,46.2800,45.6200,46.1300,25896500
20150624,45.6400,46.2500,45.5500,45.6700,34890900
20150625,45.6500,46.0600,45.5000,46.0300,20616000
20150626,45.2600,46.2800,45.0300,45.6500,49835300
20150629,44.3700,45.2300,44.3600,45.0400,34081700
20150630,44.1500,44.7200,43.9400,44.7100,35945400
20150701,44.4500,45.2300,44.1000,44.4600,28343900
20150702,44.4000,44.7500,44.0600,44.4800,21752000
20150706,44.3900,44.4800,43.9500,43.9600,23034000
20150707,44.3000,44.4900,43.3200,44.3400,36435800
20150708,44.2400,44.9000,44.0300,44.4400,39785900
20150709,44.5200,45.2200,44.5000,44.7500,32099800
20150710,44.6100,45.1400,44.5700,45.0100,25465800
20150713,45.5400,45.6200,44.9500,44.9800,28178300
20150714,45.6200,45.9600,45.3100,45.4500,22880300
20150715,45.7600,45.8900,45.4300,45.6800,26629600
20150716,46.6600,46.6900,45.9700,46.0100,26271700
20150717,46.6200,46.7800,46.2600,46.5500,29467100
20150720,46.9200,47.1300,46.4400,46.6500,30631900
20150721,47.2800,47.3300,46.4800,46.7800,42781900
20150722,45.5400,46.9300,45.2000,45.4400,59152400
20150723,46.1100,46.2300,45.1000,45.2700,33934000
20150724,45.9400,46.3200,45.8000,45.9100,32333200
20150727,45.3500,46.0100,45.2500,45.9400,39701400
20150728,45.3400,45.6400,44.7900,45.5800,34328900
20150729,46.2900,46.7800,45.2600,45.4000,40945900
20150730,46.8800,47.4000,45.9300,46.2600,39777900
20150731,46.7000,47.3700,46.5000,47.2900,31201500
20150803,46.8100,47.0000,46.4500,46.9800,24125900
20150804,47.5400,47.7100,46.6800,46.7500,33403900
20150805,47.5800,48.4100,47.5400,47.9800,26959700
20150806,46.6200,47.7700,46.3300,47.7100,27368000
20150807,46.7400,46.7800,46.2600,46.3900,19163000
20150810,47.3300,47.4900,46.8400,46.9500,23079900
20150811,46.4100,46.9400,45.9000,46.8200,29237400
20150812,46.7400,46.9000,45.7100,46.1900,30181400
20150813,46.7300,47.1000,46.4900,47.0600,22627200
20150814,47.0000,47.1000,46.5200,46.5300,21473400
20150817,47.3200,47.4500,46.5700,46.8100,21099700
20150818,47.2700,47.4300,46.7000,46.8400,23574100
20150819,46.6100,47.0800,46.3000,46.7800,31444000
20150820,45.6600,46.4700,45.6600,46.0700,36238200
20150821,43.0700,45.4800,43.0700,45.3000,70053104
20150824,41.6800,42.6900,39.7200,40.4500,88753696
20150825,40.4700,43.2400,40.3900,42.5700,70616600
20150826,42.7100,42.8400,41.0600,42.0100,63408000
20150827,43.9000,43.9500,42.9300,43.2300,50943200
20150828,43.9300,44.1500,43.3900,43.4000,28246700
20150831,43.5200,43.9300,43.1000,43.5600,34441700
20150901,41.8200,42.5900,41.6600,42.1700,49688900
20150902,43.3600,43.3800,41.8800,42.3600,37671500
20150903,43.5000,43.9800,43.2800,43.4100,28285200
20150904,42.6100,43.0400,42.2000,42.8100,37138800
20150908,43.8900,44.0000,43.2000,43.3000,32469800
20150909,43.0700,44.4000,42.9100,44.2100,33469500
20150910,43.2900,43.7900,42.7500,43.1200,31366600
20150911,43.4800,43.5900,42.9400,43.1400,27132500
20150914,43.0400,43.4400,42.8600,43.4300,23656000
20150915,43.9800,44.2900,43.0800,43.1900,28882200
20150916,44.3000,44.3800,43.8400,43.9700,23372200
20150917,44.2500,45.0000,44.0800,44.2900,32768200
20150918,43.4800,43.9900,43.3300,43.5000,63143700
20150921,44.1100,44.4700,43.6000,43.6200,26177200
20150922,43.9000,44.0500,43.3100,43.3800,28085900
20150923,43.8700,44.1700,43.5100,43.9300,17145200
20150924,43.9100,44.1300,43.2700,43.4500,27905600
20150925,43.9400,44.7300,43.7600,44.4800,29384600
20150928,43.2900,44.0900,43.2100,43.8300,27613800
20150929,43.4400,43.5700,43.0500,43.3700,32763600
20150930,44.2600,44.3000,43.6600,43.8800,34958900
20151001,44.6100,44.7500,43.7500,44.7500,28657900
20151002,45.5700,45.5700,43.9200,44.2700,41839000
20151005,46.6300,46.8900,45.7000,45.7500,34369300
20151006,46.7500,47.1800,46.2200,46.3300,27017200
20151007,46.8000,47.3500,45.9500,47.1000,27711500
20151008,47.4500,47.5200,46.5000,46.5600,33772700
20151009,47.1100,47.5400,46.9200,47.4500,28600600
20151012,47.0000,47.0700,46.5000,46.9800,19769100
20151013,46.8900,47.1300,46.5600,46.5600,19987800
20151014,46.6800,47.1000,46.5300,46.6500,24697800
20151015,47.0100,47.0300,46.5300,47.0100,27189400
20151016,47.5100,47.5400,46.9000,47.0200,26450300
20151019,47.6200,47.8800,47.0200,47.4200,29387600
20151020,47.7700,47.8100,47.0200,47.4400,30574000
20151021,47.2000,47.9900,47.1100,47.9200,25144300
20151022,48.0300,48.9500,47.0900,47.5300,56637100
20151023,52.8700,54.0700,52.2500,52.3000,135227104
20151026,54.2500,54.3200,52.5000,52.5300,64633300
20151027,53.6900,54.3700,53.5800,53.9900,50999900
20151028,53.9800,53.9800,52.8600,53.5400,47000800
20151029,53.3600,53.8300,53.2200,53.5400,30202100
20151030,52.6400,53.9900,52.6200,53.3200,46619800
20151102,53.2400,53.3600,52.6200,52.8500,30285000
20151103,54.1500,54.3900,52.9000,52.9300,36596900
20151104,54.4000,54.8800,54.0600,54.1800,37087800
20151105,54.3800,54.7000,54.0000,54.4900,31468500
20151106,54.9200,54.9800,53.9600,54.0900,32851200
20151109,54.1600,54.8700,53.5600,54.5500,32513100
20151110,53.5100,54.1300,53.2700,54.0700,55283700
20151111,53.6500,54.2000,53.4600,53.7000,36516300
20151112,53.3200,53.9800,53.1900,53.4800,35361100
20151113,52.8400,53.2900,52.5300,53.0700,36848200
20151116,53.7700,53.8900,52.8500,53.0800,32165200
20151117,52.9700,53.5300,52.8500,53.1700,31551300
20151118,53.8500,53.9800,52.9800,53.0000,29710000
20151119,53.9400,54.6600,53.7800,53.9900,28149200
20151120,54.1900,54.3000,53.2700,54.2500,37147600
20151123,54.1900,54.4600,53.7500,54.2500,28235900
20151124,54.2500,54.4400,53.5800,53.9200,24600000
20151125,53.6900,54.2300,53.6900,54.0900,21005100
20151127,53.9300,54.0800,53.7900,53.8000,9009100
20151130,54.3500,54.9600,54.0000,54.5400,56241400
20151201,55.2200,55.2300,54.3000,54.4100,39952800
20151202,55.2100,55.9600,55.0600,55.3200,47274900
20151203,54.2000,55.7700,53.9300,55.4900,38627800
20151204,55.9100,56.2300,54.1000,54.1200,43963700
20151207,55.8100,55.9700,55.2900,55.7900,30709800
20151208,55.7900,56.1000,54.9900,55.4700,32878000
20151209,54.9800,55.8700,54.5100,55.3700,36373200
20151210,55.2700,55.6600,55.0100,55.3900,31620700
20151211,54.0600,55.1000,54.0100,54.7100,39549500
20151214,55.1400,55.2100,53.6800,54.3300,46768900
20151215,55.2000,55.9000,55.0900,55.6600,39843000
20151216,56.1300,56.2500,54.7600,55.5400,37503300
20151217,55.7000,56.7900,55.5300,56.3600,41280900
20151218,54.1300,56.0000,54.0300,55.7700,84684200
20151221,54.8300,55.3500,54.2300,54.8800,37246300
20151222,55.3500,55.4800,54.5000,54.9900,28322200
20151223,55.8200,55.8800,55.4400,55.7000,27279800
20151224,55.6700,55.9600,55.4300,55.8600,9558500
20151228,55.9500,55.9500,54.9800,55.3500,22458300
20151229,56.5500,56.8500,56.0600,56.2900,27731400
20151230,56.3100,56.7800,56.2900,56.4700,21704500
20151231,55.4800,56.1900,55.4200,56.0400,26529600
20160104,54.8000,54.8000,53.3900,54.3200,53778000
20160105,55.0500,55.3900,54.5400,54.9300,34079700
20160106,54.0500,54.4000,53.6400,54.3200,39518900
20160107,52.1700,53.4900,52.0700,52.7000,56564900
20160108,52.3300,53.2800,52.1500,52.3700,48754000
20160111,52.3000,52.8500,51.4600,52.5100,36943800
20160112,52.7800,53.1000,52.0600,52.7600,36095500
20160113,51.6400,54.0700,51.3000,53.8000,66883600
20160114,53.1100,53.4200,51.5700,52.0000,52381900
20160115,50.9900,51.9700,50.3400,51.3100,70739104
20160119,50.5600,51.6800,50.0600,51.4800,43564500
20160120,50.7900,51.3800,49.1000,49.9800,63273000
20160121,50.4800,51.5800,50.3000,51.0000,40191200
20160122,52.2900,52.3300,51.2600,51.4100,37555800
20160125,51.7900,52.6500,51.6500,51.9400,34707700
20160126,52.1700,52.4400,51.5500,51.7900,28900800
20160127,51.2200,52.2000,51.0200,52.0100,36775200
20160128,52.0600,52.2100,51.2500,51.8600,62513800
20160129,55.0900,55.0900,54.0000,54.7300,83611696
20160201,54.7100,55.0900,54.5000,54.8800,44208500
20160202,53.0000,54.2600,52.6500,54.1700,56313800
20160203,52.1600,53.3900,51.2600,53.2500,57559800
20160204,52.0000,52.8100,51.3700,52.1000,46987100
20160205,50.1600,52.0000,49.5600,51.9400,62009000
20160208,49.4100,49.5700,48.1900,49.5500,59290500
20160209,49.2800,50.2400,48.6700,49.0200,46740500
20160210,49.7100,50.3900,49.5200,49.8900,38237000
20160211,49.6900,50.1100,48.5100,48.6800,48878600
20160212,50.5000,50.6800,49.7500,50.2500,34243300
20160216,51.0900,51.0900,50.1300,50.9000,37291200
20160217,52.4200,52.7700,51.4500,51.4900,40789000
20160218,52.1900,52.9500,52.1000,52.3300,27176000
20160219,51.8200,52.2800,51.5300,51.9700,33559100
20160222,52.6500,53.0000,52.2800,52.2800,25008300
20160223,51.1800,52.3700,50.9800,52.3400,28895300
20160224,51.3600,51.5000,50.2000,50.6900,33014500
20160225,52.1000,52.1000,50.6100,51.7300,26939500
20160226,51.3000,52.6800,51.1000,52.6000,35975900
20160229,50.8800,51.6500,50.6600,51.3500,31654000
20160301,52.5800,52.5900,50.9200,50.9700,33024500
20160302,52.9500,52.9600,52.1600,52.4100,29289900
20160303,52.3500,52.9700,51.7800,52.9700,24427800
20160304,52.0300,52.4500,51.7100,52.4000,33034200
20160307,51.0300,51.8000,50.5800,51.5600,38407800
20160308,51.6500,52.1300,50.6000,50.8000,33835100
20160309,52.8400,52.8500,51.8600,51.8900,28251600
20160310,52.0500,52.9400,51.1600,52.9300,38387800
20160311,53.0700,53.0700,52.3800,53.0000,32275700
20160314,53.1700,53.5900,52.6300,52.7100,24083600
20160315,53.5900,53.5900,52.7400,52.7500,21104800
20160316,54.3500,54.6000,53.4000,53.4500,31691700
20160317,54.6600,55.0000,54.0000,54.2100,28223900
20160318,53.4900,54.9700,53.4500,54.9200,67625504
20160321,53.8600,53.9300,52.9300,53.2500,23925700
20160322,54.0700,54.2500,53.4600,53.6100,23124100
20160323,53.9700,54.2400,53.7400,54.1100,20129000
20160324,54.2100,54.3300,53.7300,53.8400,19950000
20160328,53.5400,54.2900,53.3300,54.2100,17025100
20160329,54.7100,54.8600,53.4500,53.6600,23924300
20160330,55.0500,55.6400,54.9000,54.9300,23008300
20160331,55.2300,55.5900,54.8600,54.9500,26360500
20160401,55.5700,55.6100,54.5700,55.0500,24399200
20160404,55.4300,55.6600,55.0000,55.4300,18928800
20160405,54.5600,55.3000,54.4600,55.1900,19272300
20160406,55.1200,55.2000,54.2100,54.3600,21188700
20160407,54.4600,54.9100,54.2300,54.8700,19225100
20160408,54.4200,55.2800,54.3200,54.6700,22167200
20160411,54.3100,55.1500,54.3000,54.4900,21414200
20160412,54.6500,54.7800,53.7600,54.3700,24944300
20160413,55.3500,55.4400,54.8900,55.1200,20818000
20160414,55.3600,55.5800,55.0700,55.2200,20877100
20160415,55.6500,55.9200,55.1100,55.3000,28793800
20160418,56.4600,56.5900,55.2100,55.4900,23150300
20160419,56.3900,56.7700,55.6800,56.6300,29596800
20160420,55.5900,56.5000,55.4900,56.2900,36195700
20160421,55.7800,56.2300,55.4200,55.8000,38909100
20160422,51.7800,52.4300,50.7700,51.9100,126834096
20160425,52.1100,52.1300,51.6300,51.7800,33226900
20160426,51.4400,52.3500,51.0900,52.2600,33532600
20160427,50.9400,51.5000,50.5500,51.4800,43369300
20160428,49.9000,50.7700,49.5600,50.6200,43134800
20160429,49.8700,50.2500,49.3500,49.3500,48411700
20160502,50.6100,50.7500,49.7800,50.0000,33114500
20160503,49.7800,50.4100,49.6000,50.3400,26460200
20160504,49.8700,50.0600,49.4600,49.8400,24257600
20160505,49.9400,50.3000,49.7300,49.8700,25390700
20160506,50.3900,50.3900,49.6600,49.9200,24715600
20160509,50.0700,50.5900,50.0000,50.4900,17951600
20160510,51.0200,51.1000,50.1900,50.3300,22891000
20160511,51.0500,51.7800,51.0000,51.1300,24039100
20160512,51.5100,51.8100,50.9200,51.2000,24102800
20160513,51.0800,51.9000,51.0400,51.4400,22592300
20160516,51.8300,51.9600,50.7500,50.8000,20032000
20160517,50.5100,51.7300,50.3600,51.7200,27803500
20160518,50.8100,51.1400,50.3000,50.4800,24907500
20160519,50.3200,50.6200,49.8200,50.4700,23842400
20160520,50.6200,51.2200,50.4000,50.4800,23905800
20160523,50.0300,50.6800,49.9800,50.6000,26118700
20160524,51.5900,51.7100,50.4000,50.7000,34757900
20160525,52.1200,52.4900,51.7900,51.9200,24040200
20160526,51.8900,51.9800,51.3600,51.9300,24335200
20160527,52.3200,52.3200,51.7700,51.9200,17653700
20160531,53.0000,53.0000,52.0800,52.2600,37653100
20160601,52.8500,52.9500,52.4400,52.4400,25324800
20160602,52.4800,52.7400,51.8400,52.6400,22840800
20160603,51.7900,52.4200,51.6000,52.3800,23081300
20160606,52.1300,52.3500,51.8900,51.9900,18243300
20160607,52.1000,52.7300,52.1000,52.2400,20866800
20160608,52.0400,52.4400,51.8700,52.0200,21149400
20160609,51.6200,52.0000,51.4900,52.0000,20305700
20160610,51.4800,52.0500,51.0400,51.0500,25833200
20160613,50.1400,50.7200,49.0600,49.5800,83217800
20160614,49.8300,50.1000,49.5700,49.9000,42577100
20160615,49.6900,50.1200,49.6900,49.7800,33757600
20160616,50.3900,50.4700,49.5100,49.5200,31188600
20160617,50.1300,50.4300,49.8200,50.4100,45710500
20160620,50.0700,50.8300,50.0300,50.6400,35607900
20160621,51.1900,51.4300,50.1600,50.2000,34097800
20160622,50.9900,51.4600,50.9500,51.0800,28816800
20160623,51.9100,52.0600,51.1500,51.2800,29028800
20160624,49.8300,50.9400,49.5200,49.8100,133503000
20160627,48.4300,49.1500,48.0400,49.1000,50216300
20160628,49.4400,49.4700,48.6700,48.9200,38140700
20160629,50.5400,50.7200,49.8000,49.9100,31304000
20160630,51.1700,51.3000,50.5000,50.7200,28527800
20160701,51.1600,51.7200,51.0700,51.1300,21400400
20160705,51.1700,51.2800,50.7400,50.8300,24806400
20160706,51.3800,51.5400,50.3900,50.7800,28167500
20160707,51.3800,51.6100,51.0700,51.4200,19585200
20160708,52.3000,52.3600,51.5500,51.7300,28391000
20160711,52.5900,52.8300,52.4700,52.5000,22269200
20160712,53.2100,53.4000,52.7900,52.9400,27317600
20160713,53.5100,53.8600,53.1800,53.5600,25356800
20160714,53.7400,53.9900,53.5800,53.8400,24545500
20160715,53.7000,54.0000,53.2100,53.9500,32024400
20160718,53.9600,54.3400,53.5500,53.7000,31433900
20160719,53.0900,53.9000,52.9300,53.7100,53336500
20160720,55.9100,56.8400,55.5300,56.1500,89893296
20160721,55.8000,56.2300,55.7600,55.9800,32776700
20160722,56.5700,56.6300,55.7800,56.0800,32157200
20160725,56.7300,56.7400,56.2600,56.4700,25610600
20160726,56.7600,57.2900,56.5100,56.5200,28079000
20160727,56.1900,56.8000,56.1100,56.6100,32327500
20160728,56.2100,56.3700,55.7200,56.0000,37550400
20160729,56.6800,56.7600,56.0500,56.2600,30558700
20160801,56.5800,56.7500,56.1400,56.6000,26003400
20160802,56.5800,56.9000,56.3100,56.8500,35122000
20160803,56.9700,57.1100,56.4900,56.6800,22075600
20160804,57.3900,57.5200,56.6700,56.8000,26587700
20160805,57.9600,58.2100,57.4500,57.6500,29335200
20160808,58.0600,58.0900,57.7800,58.0600,19473500
20160809,58.2000,58.5000,58.0200,58.1700,16920700
20160810,58.0200,58.3200,57.8200,58.1600,15756900
20160811,58.3000,58.4500,58.0300,58.0300,18162300
20160812,57.9400,58.1900,57.6200,58.0300,21655200
20160815,58.1200,58.5000,57.9600,58.0100,19283900
20160816,57.4400,57.6200,57.2700,57.6100,20523500
20160817,57.5600,57.6800,57.2300,57.5400,18856400
20160818,57.6000,57.7000,57.2700,57.4200,14214300
20160819,57.6200,57.7300,57.2000,57.4300,17271000
20160822,57.6700,57.7500,57.2600,57.6000,15221900
20160823,57.8900,58.1800,57.8500,57.9000,18732400
20160824,57.9500,58.0400,57.7200,57.8000,18151500
20160825,58.1700,58.2900,57.7800,57.8800,18552600
20160826,58.0300,58.7000,57.6900,58.2800,20971200
20160829,58.1000,58.6000,58.1000,58.1800,16417200
20160830,57.8900,58.1900,57.6100,57.9800,16930200
20160831,57.4600,57.8000,57.3000,57.6500,20860300
20160901,57.5900,57.8200,57.0100,57.0100,26075400
20160902,57.6700,58.1900,57.4200,57.6700,18900500
20160906,57.6100,57.8000,57.2100,57.7800,16278400
20160907,57.6600,57.8400,57.4100,57.4700,17493400
20160908,57.4300,57.7900,57.1800,57.6300,20146100
20160909,56.2100,57.5200,56.2100,56.7900,35113900
20160912,57.0500,57.2100,55.6100,56.0000,29303000
20160913,56.5300,56.6500,56.0500,56.5000,30130200
20160914,56.2600,56.6300,56.0300,56.3900,24062500
20160915,57.1900,57.3500,55.9800,56.1500,26847000
20160916,57.2500,57.6300,56.7500,57.6300,44607000
20160919,56.9300,57.7500,56.8500,57.2700,20937100
20160920,56.8100,57.3500,56.7500,57.3500,17384000
20160921,57.7600,57.8500,57.0800,57.5100,33707300
20160922,57.8200,58.0000,57.6300,57.9200,19822200
20160923,57.4300,57.9100,57.3800,57.8700,19955300
20160926,56.9000,57.1400,56.8300,57.0800,21688700
20160927,57.9500,58.0600,56.6800,56.9300,28065100
20160928,58.0300,58.0600,57.6700,57.8800,20536400
20160929,57.4000,58.1700,57.2100,57.8100,25463500
20160930,57.6000,57.7700,57.3400,57.5700,29910800
20161003,57.4200,57.5500,57.0600,57.4100,19189500
20161004,57.2400,57.6000,56.9700,57.2700,20085900
20161005,57.6400,57.9600,57.2600,57.2900,16726400
20161006,57.7400,57.8600,57.2800,57.7400,16212600
20161007,57.8000,57.9800,57.4200,57.8500,20089000
20161010,58.0400,58.3900,57.8700,57.9100,18196500
20161011,57.1900,58.0200,56.8900,57.8900,26497400
20161012,57.1100,57.2700,56.4000,57.1100,22177500
20161013,56.9200,57.3000,56.3200,56.7000,25313700
20161014,57.4200,57.7400,57.1200,57.1200,27402500
20161017,57.2200,57.4600,56.8700,57.3600,23830000
20161018,57.6600,57.9500,57.4100,57.5300,19149500
20161019,57.5300,57.8400,57.4000,57.4700,22878400
20161020,57.2500,57.5200,56.6600,57.5000,49455600
20161021,59.6600,60.4500,59.4900,60.2800,80032200
20161024,61.0000,61.0000,59.9300,59.9400,54067000
20161025,60.9900,61.3700,60.8000,60.8500,35137200
20161026,60.6300,61.2000,60.4700,60.8100,29911600
20161027,60.1000,60.8300,60.0900,60.6100,28479900
20161028,59.8700,60.5200,59.5800,60.0100,33574700
20161031,59.9200,60.4200,59.9200,60.1600,26434700
20161101,59.8000,60.0200,59.2500,59.9700,24533000
20161102,59.4300,59.9300,59.3000,59.8200,22147000
20161103,59.2100,59.6400,59.1100,59.5300,21600400
20161104,58.7100,59.2800,58.5200,58.6500,28697000
20161107,60.4200,60.5200,59.7800,59.7800,31664800
20161108,60.4700,60.7800,60.1500,60.5500,22935400
20161109,60.1700,60.5900,59.2000,60.0000,49632500
20161110,58.7000,60.4900,57.6300,60.4800,57822400
20161111,59.0200,59.1200,58.0100,58.2300,38767800
20161114,58.1200,59.0800,57.2800,59.0200,41328400
20161115,58.8700,59.4900,58.3200,58.3300,34764300
20161116,59.6500,59.6600,58.8100,58.9400,26851400
20161117,60.6400,60.9500,59.9700,60.4100,31463700
20161118,60.3500,61.1400,60.3000,60.7800,26580600
20161121,60.8600,60.9700,60.4200,60.5000,19563200
20161122,61.1200,61.2600,60.8100,60.9800,22645300
20161123,60.4000,61.1000,60.2500,61.0100,21847200
20161125,60.5300,60.5300,60.1300,60.3000,8370500
20161128,60.6100,61.0200,60.2100,60.3400,20603800
20161129,61.0900,61.4100,60.5200,60.6500,22010800
20161130,60.2600,61.1800,60.2200,60.8600,33783900
20161201,59.2000,60.1500,58.9400,60.1100,33917000
20161202,59.2500,59.4700,58.8000,59.0800,25384900
20161205,60.2200,60.5900,59.5600,59.7000,23126500
20161206,59.9500,60.4600,59.8000,60.4300,19850100
20161207,61.3700,61.3800,59.8000,60.0100,29769100
20161208,61.0100,61.5800,60.8400,61.3000,21043400
20161209,61.9700,61.9900,61.1300,61.1800,26670800
20161212,62.1700,62.3000,61.7200,61.8200,20057000
20161213,62.9800,63.4200,62.2400,62.5000,35046300
20161214,62.6800,63.4500,62.5300,63.0000,29272800
20161215,62.5800,63.1500,62.3000,62.7000,27655900
20161216,62.3000,62.9500,62.1200,62.9500,42204700
20161219,63.6200,63.7700,62.4200,62.5600,33182800
20161220,63.5400,63.8000,63.0300,63.6900,25389900
20161221,63.5400,63.7000,63.1200,63.4300,17071800
20161222,63.5500,64.1000,63.4100,63.8400,22155200
20161223,63.2400,63.5400,62.8000,63.4500,12398000
20161227,63.2800,64.0700,63.2100,63.2100,11583900
20161228,62.9900,63.4000,62.8300,63.4000,14247400
20161229,62.9000,63.2000,62.7300,62.8600,10181600
20161230,62.1400,62.9900,62.0300,62.9600,25465900
20170103,62.5800,62.8400,62.1300,62.7900,20460500
20170104,62.3000,62.7500,62.1200,62.4800,20999800
20170105,62.3000,62.6600,62.0300,62.1900,24845300
20170106,62.8400,63.1500,62.0400,62.3000,19897900
20170109,62.6400,63.0800,62.5400,62.7600,20256600
20170110,62.6200,63.0700,62.2800,62.7300,18547000
20170111,63.1900,63.2300,62.4300,62.6100,21462800
20170112,62.6100,63.4000,61.9500,63.0600,20898900
20170113,62.7000,62.8700,62.3500,62.6200,19350400
20170117,62.5300,62.7000,62.0300,62.6800,20620400
20170118,62.5000,62.7000,62.1200,62.6700,19646500
20170119,62.3000,62.9800,62.2000,62.2400,18435500
20170120,62.7400,62.8200,62.3700,62.6700,29467500
20170123,62.9600,63.1200,62.5700,62.7000,22914000
20170124,63.5200,63.7400,62.9400,63.2000,24629500
20170125,63.6800,64.1000,63.4500,63.9500,23672700
20170126,64.2700,64.5400,63.5500,64.1200,41305600
20170127,65.7800,65.9100,64.8900,65.3900,44364400
20170130,65.1300,65.7900,64.8000,65.6900,31601400
20170131,64.6500,65.1500,64.2600,64.8600,25104100
20170201,63.5800,64.6200,63.4700,64.3600,39410400
20170202,63.1700,63.4100,62.7500,63.2500,45664800
20170203,63.6800,63.7000,63.0700,63.5000,30065800
20170206,63.6400,63.6500,63.1400,63.5000,19503200
20170207,63.4300,63.7800,63.2300,63.7400,20233400
20170208,63.3400,63.8100,63.2200,63.5700,17884200
20170209,64.0600,64.4400,63.3200,63.5200,22611900
20170210,64.0000,64.3000,63.9800,64.2500,17656800
20170213,64.7200,64.8600,64.1300,64.2400,22085600
