20140218,203.7000,206.0000,201.3600,205.2400,9332800
20140219,193.6400,203.7000,193.4100,203.7000,16169000
20140220,209.9700,215.2100,206.2700,215.0100,18002300
20140221,209.6000,213.9800,209.1900,211.6400,7818800
20140224,217.6500,218.3600,208.3200,208.7600,8278400
20140225,248.0000,259.2000,228.4500,230.0000,32681700
20140226,253.0000,265.0000,247.5000,258.5800,24604600
20140227,252.5400,261.9000,248.3300,261.2500,17945800
20140228,244.8100,252.6800,242.5500,249.6500,14589800
20140303,250.5600,251.6500,234.9900,237.2600,13089300
20140304,254.8400,260.0000,252.8300,258.4800,8745600
20140305,252.6600,256.9900,251.8000,256.7200,5935700
20140306,252.9400,257.5000,249.4500,254.1400,7361100
20140307,246.2100,254.8500,244.4100,252.9400,7812300
20140310,238.8400,243.0000,236.0600,242.7000,7728100
20140311,234.4100,244.6000,232.4300,236.5000,8810100
20140312,241.4900,247.5000,231.1100,231.5000,9754400
20140313,237.7900,244.1900,234.0000,243.7900,6236300
20140314,230.9700,236.9400,228.3200,235.2900,8289700
20140317,233.9800,237.9300,230.5000,234.9500,5912600
20140318,240.0400,241.5000,235.0200,236.9500,6242300
20140319,235.8400,241.5500,233.5100,241.3900,5071300
20140320,234.9100,239.2500,233.3600,236.1600,3817900
20140321,228.8900,236.2000,227.5000,236.0200,8216900
20140324,220.1700,229.9000,210.2700,229.7500,11328800
20140325,220.4400,227.0500,217.9000,224.1400,7865400
20140326,212.9600,222.6000,211.3500,221.9500,6907300
20140327,207.3200,213.6000,203.0000,212.3700,9495700
20140328,212.3700,216.7200,210.2700,212.8000,9684800
20140331,208.4500,216.7500,206.3900,216.5000,8380000
20140401,216.9700,218.1600,208.5800,209.0200,7371400
20140402,230.2900,230.8900,218.0500,220.0000,10782300
20140403,225.4000,235.7300,222.0000,230.3000,10923700
20140404,212.2300,228.2700,211.2500,226.0100,11345600
20140407,207.5200,216.2000,203.5100,205.8100,9855500
20140408,215.4600,216.4900,206.4200,210.0500,6889300
20140409,216.9300,218.4500,210.8900,216.7600,5157900
20140410,204.1900,217.5000,203.7900,216.8200,7211500
20140411,203.7800,207.0000,198.6000,200.6100,9067200
20140414,198.0900,208.4400,194.4100,207.6000,7703000
20140415,193.9100,199.2900,184.3200,199.0900,13659300
20140416,199.1100,199.9900,190.8200,197.0000,7202200
20140417,198.1200,202.2900,194.0800,199.6100,5926800
20140421,204.3800,206.2000,194.0000,197.0800,5258200
20140422,218.6400,219.3300,205.0100,206.3600,9804700
20140423,207.9900,216.7400,207.0000,216.3300,7295600
20140424,207.8600,212.8000,203.2000,210.8100,5495200
20140425,199.8500,206.7000,197.6500,202.0000,6996700
20140428,198.5100,203.7900,190.5000,200.0000,7042000
20140429,206.9200,207.1500,195.5300,198.2100,5779100
20140430,207.8900,208.1600,201.2800,203.6000,4440600
20140501,207.7300,214.0200,205.6900,207.0800,5439900
20140502,210.9100,211.3600,206.5200,208.6000,4086800
20140505,216.6100,217.6900,208.5200,209.4800,5147000
20140506,207.2800,218.6600,206.8500,216.6000,5636700
20140507,201.3500,210.2000,197.2500,209.6400,10179300
20140508,178.5900,194.4000,178.0000,182.0000,20056600
20140509,182.2600,183.4000,177.2200,179.8600,8495200
20140512,184.6700,187.1900,179.8800,183.8700,7002300
20140513,190.1600,191.3400,183.0000,183.7600,7097200
20140514,190.6200,193.4800,187.1000,188.9500,5406700
20140515,188.5900,192.6600,185.3000,189.9800,6040400
20140516,191.5600,192.0400,187.7200,188.9500,4487700
20140519,196.0900,196.8900,190.0000,190.7200,4571700
20140520,195.3000,199.3300,193.0700,196.9400,5546100
20140521,199.4500,199.8700,194.7900,196.1800,5285400
20140522,204.8800,206.8800,199.5600,200.3500,6214500
20140523,207.3000,207.7600,202.5000,204.5300,4006800
20140527,211.5600,213.8700,207.7000,208.5200,5341100
20140528,210.2400,212.7700,205.2600,210.0200,5495100
20140529,210.2400,212.4900,207.7200,210.5700,3692500
20140530,207.7700,214.8000,207.0200,210.3000,5581100
20140602,204.7000,209.3500,201.6700,207.3300,4668100
20140603,204.9400,208.0000,202.5900,203.4900,3860800
20140604,203.9900,206.2600,200.4000,204.3500,3427400
20140605,206.9000,209.2000,204.0500,204.4700,4054600
20140606,208.1700,210.8100,207.1800,209.7500,3073800
20140609,205.3100,209.9900,204.2000,207.9500,2805700
20140610,202.3000,206.9700,201.5500,204.4300,3514700
20140611,204.4700,205.0000,199.2500,201.5000,3977500
20140612,203.5200,209.8800,202.7100,205.1000,5993700
20140613,206.4200,206.7900,201.5800,204.7800,3544300
20140616,224.6100,225.4900,206.2600,206.7600,13246400
20140617,231.6700,235.5400,222.8500,224.1100,13304900
20140618,227.1200,231.7100,226.1200,231.5000,6940200
20140619,227.7900,235.3100,227.0000,228.8800,8793100
20140620,229.5900,231.2900,226.2000,228.5200,4903900
20140623,237.2200,238.9900,228.2200,229.5100,7791100
20140624,232.5000,241.8800,231.6300,238.9700,8075900
20140625,236.8900,237.5500,230.2400,233.0500,5801600
20140626,235.6000,240.4000,234.2100,237.1700,5121400
20140627,239.0600,240.0000,234.5000,234.6900,5635000
20140630,240.0600,244.4900,239.0000,239.5500,4828600
20140701,239.7200,243.4400,238.7000,242.4600,4336100
20140702,229.4300,242.3300,227.0700,240.6600,8027400
20140703,229.2500,231.9000,224.0000,231.2900,5166700
20140707,222.6600,229.7800,220.4000,227.5000,5893700
20140708,219.0700,220.9600,214.2700,218.6500,7836200
20140709,223.0600,224.2200,219.2100,221.2700,4115400
20140710,219.4600,222.2200,216.0400,217.1800,4863900
20140711,218.1300,221.6000,217.6000,220.6100,3302300
20140714,226.7000,228.7900,215.4500,219.9900,7203200
20140715,219.5800,227.6500,218.1000,226.7300,5718500
20140716,217.1600,224.8000,216.8200,221.8200,4044500
20140717,215.4000,220.5500,213.6000,216.1600,4649400
20140718,220.0200,221.2100,215.9300,215.9500,4253700
20140721,220.5400,223.2100,216.7200,217.2500,3822200
20140722,219.5800,223.3000,219.1100,222.1900,2730000
20140723,222.4900,224.7500,219.4300,220.0100,3083300
20140724,223.5400,225.1000,220.8000,223.2500,3245500
20140725,223.5700,226.9700,221.7500,222.7200,3087100
20140728,224.8200,232.0000,221.4000,224.2500,6514300
20140729,225.0100,228.3000,224.8600,226.6100,3382400
20140730,228.9200,229.6000,221.0400,221.9200,4927800
20140731,223.3000,231.4000,221.5000,229.2600,7749100
20140801,233.2700,237.5000,226.0000,226.0900,11895800
20140804,238.5200,240.5000,233.2700,234.3800,5959700
20140805,238.4900,242.9900,235.6900,237.4700,5388600
20140806,248.9300,251.4200,238.5800,238.9000,9249300
20140807,252.3900,256.6900,249.1200,250.1200,7478900
20140808,248.1300,251.7600,246.5000,251.1600,5090100
20140811,259.3200,263.7400,255.0000,255.4800,8101300
20140812,259.9600,260.3000,254.5800,258.0800,6382300
20140813,260.3100,265.6400,259.6100,262.0100,6932600
20140814,261.3800,263.0000,256.5000,262.4900,4126600
20140815,262.0100,262.0900,258.5000,261.4800,3867900
20140818,259.9400,267.2600,259.7500,263.2500,5849200
20140819,256.7600,259.3300,251.6200,258.8700,5334800
20140820,255.7100,258.7400,253.0000,254.6700,3027900
20140821,254.3400,258.8000,253.2600,256.5200,2915600
20140822,256.7800,256.9500,252.6100,254.5400,2833400
20140825,262.5500,263.6800,258.1900,258.1900,4318100
20140826,261.7400,265.5000,261.6600,264.9800,3818000
20140827,263.2500,264.2400,260.2900,263.5000,2985100
20140828,263.8600,264.4800,261.6400,261.8900,2844900
20140829,269.7000,272.0000,267.5100,268.7000,6447100
20140902,284.1200,284.8900,274.3000,275.5000,9852400
20140903,281.1900,288.0000,280.1000,287.6700,6772300
20140904,286.0400,291.4200,280.4000,284.0100,8341700
20140905,277.3900,282.9000,272.5100,282.5500,11169900
20140908,282.1100,284.8800,277.5200,277.6200,5501600
20140909,278.4800,285.4900,277.0000,282.9900,4558800
20140910,281.1000,281.4100,273.6600,279.5000,3781300
20140911,280.3100,284.7900,278.6300,280.4600,3766100
20140912,279.2000,282.3900,277.0000,280.5000,3324600
20140915,253.8600,274.4000,249.1300,274.3700,16455400
20140916,260.7400,262.4600,252.4200,255.1500,8300100
20140917,261.3800,264.7000,259.5000,262.4100,5177700
20140918,263.8200,265.6000,262.3200,263.3600,3692600
20140919,259.3200,261.4300,255.2700,257.9900,6810900
20140922,250.0300,256.0200,244.7100,255.0000,8214100
20140923,250.4100,253.8000,245.0000,245.2200,5658700
20140924,252.1400,252.8400,247.0400,251.1200,3749500
20140925,246.9500,254.9600,246.1000,252.5200,4834200
20140926,246.6000,249.7300,246.0700,248.2500,3795400
20140929,245.2600,248.6400,241.3800,244.0000,4852700
20140930,242.6800,247.6500,240.1200,246.9200,4238300
20141001,240.2400,242.6600,235.6500,242.2000,5941700
20141002,251.4200,252.7900,245.3600,250.2000,8998200
20141003,255.2100,256.5000,251.0300,253.0600,5406300
20141006,260.6200,262.4900,257.8000,259.1300,7713300
20141007,259.5700,261.4600,255.7300,258.5300,4485500
20141008,259.2800,262.8800,252.6400,260.1000,5055100
20141009,257.0100,265.5400,254.4000,262.2500,7361300
20141010,236.9100,245.8900,235.2000,244.6400,12888300
20141013,224.5900,238.9600,221.0000,238.5700,11268700
20141014,227.0600,232.4700,223.0000,228.2500,7105300
20141015,229.7000,230.9900,217.3200,220.0000,9147300
20141016,226.3500,229.9200,219.1000,219.7200,5399300
20141017,227.4800,234.7700,226.5500,233.3800,10549400
20141020,230.4700,232.4000,225.5100,226.7200,3494400
20141021,235.3400,235.3900,230.8000,234.2700,4130300
20141022,231.1000,237.3900,230.5600,233.1900,4116600
20141023,235.2900,236.2800,232.0000,234.6600,3492400
20141024,235.2400,237.8000,231.2000,236.2700,3463300
20141027,221.6700,234.6100,220.3100,234.2500,9553300
20141028,242.7700,244.6000,228.2500,229.6000,10516300
20141029,238.1000,241.5000,235.6400,241.1300,4962500
20141030,238.6600,240.5000,235.0600,238.1400,3228400
20141031,241.7000,243.1200,238.7500,242.5100,3775300
20141103,242.5900,247.5600,241.3200,243.0000,4203800
20141104,238.9300,242.3500,236.5300,240.4900,3682600
20141105,230.9700,241.3600,230.5300,241.0000,9045900
20141106,241.2200,246.6900,228.5000,234.4900,15354700
20141107,240.2000,242.8400,237.2000,242.1900,5161000
20141110,241.9300,242.8800,236.8000,239.1100,4577200
20141111,251.0800,251.8200,242.0000,242.5500,7948800
20141112,249.1000,252.3400,245.5800,249.7200,5870800
20141113,251.7000,255.7500,250.2500,250.6200,6236000
20141114,258.6800,258.8500,248.5000,250.0000,6101100
20141117,253.9800,259.0000,252.0200,257.4900,4025700
20141118,257.7000,259.9900,255.5100,255.8600,4473000
20141119,247.7400,251.8800,245.6000,250.6100,7918500
20141120,248.7100,250.9300,246.0000,247.9500,3587200
20141121,242.7800,252.7800,242.1700,252.2100,7485100
20141124,246.7200,247.6000,240.6400,245.2000,4789700
20141125,248.0900,249.7200,246.0900,247.3500,3159800
20141126,248.4400,249.0000,246.6000,248.3400,1981200
20141128,244.5200,246.6900,242.5200,245.3500,2119700
20141201,231.6400,242.4700,229.0100,241.1600,8619400
20141202,231.4300,234.8800,228.0000,234.5700,5887000
20141203,229.3000,229.7200,225.5000,226.2500,5307700
20141204,228.2800,230.9000,227.8100,228.6000,3855600
20141205,223.7100,229.3900,222.2600,228.6700,6063600
20141208,214.3600,224.8600,212.3400,221.5400,9225600
20141209,216.8900,217.7300,204.2700,209.3400,9431500
20141210,209.8400,216.7700,207.7000,214.1300,7314100
20141211,208.8800,215.4300,208.2300,210.5300,6694400
20141212,207.0000,211.6800,204.5000,204.8200,7173800
20141215,204.0400,209.8000,202.6700,209.2900,5218300
20141216,197.8100,203.6800,195.3700,200.8900,8426100
20141217,205.8200,206.6500,192.6500,193.0600,7367800
20141218,218.2600,218.4400,211.8000,212.3800,7483300
20141219,219.2900,220.4000,214.5000,220.1900,6910500
20141222,222.6000,224.0600,218.2600,220.0000,4799400
20141223,220.9700,224.3200,219.5200,223.8100,4505700
20141224,222.2600,222.5000,219.2500,219.7700,1332200
20141226,227.8200,228.5000,221.5000,221.5100,3327000
20141229,225.7100,227.9100,224.0200,226.9000,2802500
20141230,222.2300,225.6500,221.4000,223.9900,2903200
20141231,222.4100,225.6800,222.2500,223.0900,2297500
20150102,219.3100,223.2500,213.2600,222.8700,4764400
20150105,210.0900,216.5000,207.1600,214.5500,5368500
20150106,211.2800,214.2000,204.2100,210.0600,6261900
20150107,210.9500,214.7800,209.7800,213.3500,2968400
20150108,210.6200,213.8000,210.0100,212.8100,3442500
20150109,206.6600,209.9800,204.9600,208.9200,4668300
20150112,202.2100,204.4700,199.2500,203.0500,5950300
20150113,204.2500,207.6100,200.9100,203.3200,4477300
20150114,192.6900,195.2000,185.0000,185.8300,11513900
20150115,191.8700,195.7500,190.0000,194.4900,5216500
20150116,193.0700,194.4900,189.6500,190.7000,3603200
20150120,191.9300,194.1200,187.0400,193.8700,4503200
20150121,196.5700,198.6800,189.5100,189.5500,4153000
20150122,201.6200,203.2400,195.2000,197.0000,4116900
20150123,201.2900,203.5000,198.3300,200.2900,3438600
20150126,206.5500,208.6200,201.0500,201.8300,3234500
20150127,205.9800,208.0300,203.3000,204.4200,2781000
20150128,199.3700,206.3700,198.4200,206.1100,3149600
20150129,205.2000,205.9800,196.5000,201.0700,3548100
20150130,203.6000,207.4700,203.0000,203.9600,3007000
20150202,210.9400,211.9500,203.3000,203.9700,4149200
20150203,218.3600,220.3700,211.2700,213.2200,4826200
20150204,218.5500,221.4800,216.8000,218.2900,3305400
20150205,220.9900,225.4800,219.6400,219.8800,3522900
20150206,217.3600,223.4000,216.5000,222.0000,3243900
20150209,217.4800,217.9300,211.9900,215.3800,3472400
20150210,216.2900,220.5000,215.0000,217.5500,5390500
20150211,212.8000,214.7400,207.2800,212.2100,9769100
20150212,202.8800,203.0900,193.2800,193.5700,15649600
20150213,203.7700,205.9900,200.9100,202.9000,6191000
20150217,204.3500,205.7000,201.5000,205.7000,3979600
20150218,204.4600,206.1700,202.6000,204.1700,2713600
20150219,211.7100,212.4400,203.7500,205.0000,5154100
20150220,217.1100,217.6000,209.8100,210.7800,5982100
20150223,207.3400,218.2000,206.3300,215.6600,8499800
20150224,204.1100,207.2900,201.7000,207.2900,6603600
20150225,203.7600,207.1400,202.5800,204.9400,3909500
20150226,207.1900,211.0900,202.2200,204.0000,6472900
20150227,203.3400,208.5500,202.8000,206.9000,3882100
20150302,197.3300,203.3400,195.8300,202.7000,7922100
20150303,199.5600,200.2400,195.3200,196.8100,4432300
20150304,202.4400,202.5200,197.2100,199.2500,4222000
20150305,200.6300,206.1900,200.1500,202.8500,4877000
20150306,193.8800,200.7500,192.1500,199.2100,6712400
20150309,190.8800,194.4900,188.2500,194.3900,6736700
20150310,190.3200,193.5000,187.6000,188.4600,5579700
20150311,193.7400,196.1800,191.0100,191.1500,4974900
20150312,191.0700,194.4500,189.7500,193.7500,4149300
20150313,188.6800,191.7500,187.3200,188.9500,5434300
20150316,195.7000,195.9100,189.8000,192.0000,5628800
20150317,194.7300,198.7100,193.9400,195.4300,4894100
20150318,200.7100,200.8800,193.1100,194.9600,4820900
20150319,195.6500,204.5900,194.5300,202.0000,8475200
20150320,198.0800,198.9900,195.6200,197.4500,4269500
20150323,199.6300,200.5000,197.4700,198.5000,2631600
20150324,201.7200,203.7900,199.7500,201.5800,3649900
20150325,194.3000,198.5900,192.7000,198.2700,5730400
20150326,190.4100,194.7900,189.7000,193.9200,4128000
20150327,185.0000,189.2900,181.4000,189.0700,8604900
20150330,190.5700,192.2500,181.8000,185.8500,10089500
20150331,188.7700,193.7600,188.4100,193.5300,5026600
20150401,187.5900,192.3000,186.0500,188.7000,3794600
20150402,191.0000,193.2300,190.0000,190.2300,5010400
20150406,203.1000,207.7500,197.5000,198.0000,12455800
20150407,203.2500,205.0600,201.1400,202.5100,4347900
20150408,207.6700,210.9000,205.8700,208.2000,6303100
20150409,210.0900,210.3700,206.1200,208.4300,3800200
20150410,210.9000,211.6500,209.0000,209.8500,4067700
20150413,209.7800,213.0000,209.0500,210.4400,3758200
20150414,207.4600,209.4900,205.5000,208.5700,3026000
20150415,207.8300,209.5900,206.6000,207.4600,1952400
20150416,206.7000,209.1700,206.2900,207.7000,1659100
20150417,206.7900,206.8800,203.5000,204.9900,2469900
20150420,205.2700,207.8500,203.8500,206.7800,2559300
20150421,209.4100,210.7500,204.3100,205.8000,3432500
20150422,219.4400,221.8800,211.6900,212.5000,7863000
20150423,218.6000,221.4800,217.1500,218.2700,4411200
20150424,218.4300,220.8000,218.0100,220.5000,2427800
20150427,231.5500,238.7500,222.0000,222.5600,11672600
20150428,230.4800,235.5000,228.0300,234.7500,6085400
20150429,232.4500,234.9700,227.6300,230.0500,3936100
20150430,226.0500,232.8900,225.1700,230.3900,3911900
20150501,226.0300,231.7700,220.4100,229.9400,5281700
20150504,230.5100,234.7300,227.1100,228.1800,4434600
20150505,232.9500,239.5000,229.1300,237.7600,5796900
20150506,230.4300,234.4700,228.2000,234.1000,5270900
20150507,236.8000,237.4800,220.2500,221.0000,9455900
20150508,236.6100,238.4100,233.7000,235.9900,4668200
20150511,239.4900,242.8800,235.3100,236.2900,5672300
20150512,244.7400,246.3500,238.1900,240.1100,6363400
20150513,243.1800,248.3000,242.2500,247.6100,5440200
20150514,244.1000,244.8900,241.2500,244.8200,2895900
20150515,248.8400,249.4000,242.5000,243.9300,4527600
20150518,248.7500,249.9000,246.0000,247.0000,3353200
20150519,247.1400,251.0000,246.1500,248.4300,3674200
20150520,244.3500,247.7400,241.3700,247.1300,3755600
20150521,245.6200,246.6200,242.3600,243.0300,1970600
20150522,247.7300,248.6000,245.0100,245.3800,2223100
20150526,247.4600,252.0000,246.5000,247.6800,3498700
20150527,247.4300,249.5000,245.5500,248.5100,3408200
20150528,251.4500,251.8000,245.0500,247.0300,3647300
20150529,250.8000,252.8700,249.4300,251.0000,3789300
20150601,249.4500,251.6000,247.4700,251.4100,2505100
20150602,248.3500,249.4000,246.3000,248.9200,2134800
20150603,248.9900,250.7200,247.0100,248.2000,1775500
20150604,245.9200,249.3000,245.7100,247.5000,2453600
20150605,249.1400,249.7000,245.6800,246.0000,3022000
20150608,256.2900,258.7500,250.3100,250.8500,5017000
20150609,256.0000,257.7400,254.1400,255.4000,2611100
20150610,250.7000,254.0000,248.5000,251.9000,3454500
20150611,251.4100,254.3700,250.4300,253.2600,2044100
20150612,250.6900,253.4600,250.2100,250.2100,1422300
20150615,250.3800,251.2800,246.0100,249.7000,2186200
20150616,253.1200,253.4400,249.1000,250.1300,1984700
20150617,260.4100,264.3600,252.0200,252.1700,5512900
20150618,261.8900,263.4600,260.0200,262.0000,2782700
20150619,262.5100,263.8000,260.1000,262.4000,2463000
20150622,259.7900,264.4000,255.6900,262.1500,4561100
20150623,267.6700,268.0000,258.5700,260.3200,3870800
20150624,265.1700,267.3500,263.7200,266.9800,2412300
20150625,268.7900,271.4100,265.2500,266.4500,2849200
20150626,267.0900,269.1100,266.0000,268.8900,3838400
20150629,262.0200,265.9500,260.7000,261.9500,3478900
20150630,268.2600,270.9200,264.0000,264.8000,3086900
20150701,269.1500,272.6200,267.8500,271.1100,2101200
20150702,280.0200,282.4500,273.3100,280.2000,7163900
20150706,279.7200,281.6900,276.3000,278.8800,4121900
20150707,267.8800,275.2000,260.7700,275.0000,6105100
20150708,254.9600,260.8000,254.3100,259.3200,6221100
20150709,257.9200,262.9500,256.7900,259.0800,3325100
20150710,259.1500,263.0000,257.8200,262.2200,2610900
20150713,262.1600,262.5500,256.0500,262.2500,2960300
20150714,265.6500,265.9900,260.5100,262.1000,1907600
20150715,263.1400,267.4900,262.0800,266.7400,2021600
20150716,266.6800,267.2000,263.1600,264.2200,1616000
20150717,274.6600,275.5400,268.2500,272.5000,5004100
20150720,282.2600,286.6500,272.5400,275.0000,4978500
20150721,266.7700,273.5000,266.5500,270.0500,6108700
20150722,267.8700,269.4400,260.8600,261.2700,3105000
20150723,267.2000,269.9000,265.2700,269.6500,2227200
20150724,265.4100,271.0900,263.9200,267.3800,2836500
20150727,253.0100,264.4300,250.7900,262.4300,4694200
20150728,264.8200,265.4000,251.8400,255.7500,3895800
20150729,263.8200,267.8900,262.0000,264.2700,2790100
20150730,266.7900,266.9400,262.1100,262.6900,2034600
20150731,266.1500,269.3600,265.1200,267.6000,2222600
20150803,259.9900,266.7100,257.0700,266.2900,2553500
20150804,266.2800,266.7200,258.3400,260.0100,2352500
20150805,270.1300,271.0000,260.4000,263.5800,6214300
20150806,246.1300,255.0000,236.1200,249.5400,14623800
20150807,242.5100,243.7300,238.3900,243.5800,5073400
20150810,241.1400,242.9700,236.0500,238.1500,4185900
20150811,237.3700,239.3000,234.4400,237.1500,4264900
20150812,238.1700,239.7700,232.7400,235.0000,3728000
20150813,242.5100,246.4800,239.1200,239.8600,4689200
20150814,243.1500,247.9300,241.7700,247.2400,4364800
20150817,254.9900,256.5900,250.5100,255.5600,7176700
20150818,260.7200,260.9500,253.5600,255.3800,4195000
20150819,255.2500,260.6500,255.0200,260.3300,3596200
20150820,242.1800,254.5600,241.9000,252.0600,4905800
20150821,230.7700,243.8000,230.5100,236.0000,6590200
20150824,218.8700,231.4000,195.0000,202.7900,9581600
20150825,220.0300,230.9000,219.1200,230.5200,4327300
20150826,224.8400,228.0000,215.5100,227.9300,4963000
20150827,242.9900,244.7500,230.8100,231.0000,7656000
20150828,248.4800,251.4500,241.5700,241.8600,5513700
20150831,249.0600,254.9500,245.5100,245.6200,4700200
20150901,238.6300,246.0000,236.9700,240.3400,5454800
20150902,247.6900,247.8800,239.7800,245.3000,4629200
20150903,245.5700,252.0800,245.0000,252.0600,4194800
20150904,241.9300,244.0900,238.2000,240.8900,3689200
20150908,248.1700,249.1600,244.0500,245.0500,3138200
20150909,248.9100,254.2500,248.3000,252.0500,3390800
20150910,248.4800,250.7200,245.3300,247.2300,2709000
20150911,250.2400,250.2400,244.7300,247.6400,2350800
20150914,253.1900,254.2500,249.6700,251.1000,2890900
20150915,253.5700,254.6000,249.5000,252.7500,2933500
20150916,262.2500,262.8800,252.8800,253.0400,4417100
20150917,262.0700,265.5000,260.6900,263.9600,3585800
20150918,260.6200,263.8200,257.5000,257.9600,3763100
20150921,264.2000,271.5700,255.8000,263.9800,6120200
20150922,260.9400,262.6500,255.8700,259.0300,3664400
20150923,261.0600,262.0800,257.5800,261.9500,2600800
20150924,263.1200,263.4500,256.2100,259.5300,3448200
20150925,256.9100,266.9100,256.1500,266.6100,3773400
20150928,248.4300,259.7900,246.6100,257.3500,4901100
20150929,246.6500,254.7300,245.4600,250.4600,3703200
20150930,248.4000,252.4000,242.3400,252.0000,4929600
20151001,239.8800,248.5000,237.1300,247.5100,4573000
20151002,247.5700,247.7000,234.9300,235.6000,4424000
20151005,246.1500,249.8400,244.1300,248.8400,3689900
20151006,241.4600,243.0300,235.5800,240.0000,5225200
20151007,231.9600,237.7000,229.1200,236.6300,6814000
20151008,226.7200,230.7200,221.3100,230.0800,6133200
20151009,220.6900,224.3700,218.3600,220.9300,6158400
20151012,215.5800,223.0000,215.2700,222.9900,3836300
20151013,219.2500,222.5200,211.1300,213.2800,5171500
20151014,216.8800,220.9500,215.4300,220.6700,3104400
20151015,221.3100,221.7300,213.7000,216.4300,2844200
20151016,227.0100,230.4800,222.8700,223.0400,4334500
20151019,228.1000,231.1500,224.9400,226.5000,2507900
20151020,213.0300,228.6000,202.0000,227.7200,14863300
20151021,210.0900,214.8100,208.8000,211.9900,4151500
20151022,211.7200,215.7500,209.4000,211.5600,2825200
20151023,209.0900,215.3500,207.6900,215.0000,4235500
20151026,215.2600,215.8800,210.0000,211.3800,3391400
20151027,210.3500,217.1000,207.5100,214.8400,3519400
20151028,212.9600,213.4500,208.3000,211.3100,2728600
20151029,211.6300,213.7500,210.6400,211.7500,1805000
20151030,206.9300,211.6300,203.8900,210.4000,4438900
20151102,213.7900,215.8000,207.2200,208.9200,3927900
20151103,208.3500,214.4400,207.7500,213.8500,8332500
20151104,231.6300,232.7400,225.2000,227.0000,12726400
20151105,231.7700,234.5800,229.1900,230.5800,4496800
20151106,232.3600,233.3600,229.5000,230.7000,2445300
20151109,225.3300,232.9900,224.3100,232.9900,3850900
20151110,216.5000,223.7000,216.0800,223.4800,4617000
20151111,219.0800,219.4800,213.6300,217.7700,3347800
20151112,212.9400,219.0000,212.6600,217.8500,2915900
20151113,207.1900,212.9900,206.5200,212.9500,3430300
20151116,214.3100,214.9800,205.8000,206.0900,2925400
20151117,214.0000,216.0000,211.4000,215.2000,2148700
20151118,221.0700,221.3800,212.5200,214.5000,2811900
20151119,221.8000,226.1900,220.3000,220.5400,2504400
20151120,220.0100,225.0000,213.5800,223.4900,4400700
20151123,217.7500,219.1800,214.6800,217.3500,2526200
20151124,218.2500,221.0000,215.0000,215.3700,2480300
20151125,229.6400,230.8300,220.3800,221.3400,3990800
20151127,231.6100,232.2500,227.0100,231.0600,1949400
20151130,230.2600,234.2800,229.0800,231.7900,2659800
20151201,237.1900,238.0000,231.0500,231.0600,3734000
20151202,231.9900,238.6000,231.2300,237.0000,2981500
20151203,232.7100,237.4500,230.0000,235.4800,2939600
20151204,230.3800,233.2700,227.6600,232.4600,2573600
20151207,231.1300,235.6300,226.1500,227.7000,3144200
20151208,226.7200,228.8000,224.2000,227.5200,2687600
20151209,224.5200,227.5000,220.7200,226.7000,3057800
20151210,227.0700,228.4900,223.6400,224.7100,2067000
20151211,217.0200,225.7500,216.6400,225.2400,3268700
20151214,218.5800,220.9200,214.8700,217.5100,2827100
20151215,221.0900,222.2200,218.0000,221.8200,2244400
20151216,234.5100,234.8800,220.7300,222.1000,5104300
20151217,233.3900,237.7600,229.8100,233.9400,3298600
20151218,230.4600,235.9000,229.2900,232.8900,3014200
20151221,232.5600,235.8300,231.0800,231.6900,1953200
20151222,229.9500,236.5500,229.6300,234.9900,1961500
20151223,229.7000,233.4500,228.1300,232.1800,1555000
20151224,230.5700,231.8800,228.2800,230.5600,708000
20151228,228.9500,231.9800,225.5400,231.4900,1901300
20151229,237.1900,237.7200,229.5500,230.0600,2406300
20151230,238.0900,243.6300,235.6700,236.6000,3697900
20151231,240.0100,243.4500,238.3700,238.5100,2683200
20160104,223.4100,231.3800,219.0000,230.7200,6827100
20160105,223.4300,226.8900,220.0000,226.3600,3186800
20160106,219.0400,220.0500,215.9800,220.0000,3779100
20160107,215.6500,218.4400,213.6700,214.1900,3554300
20160108,211.0000,220.4400,210.7700,217.8600,3628100
20160111,207.8500,214.4500,203.0000,214.0100,4091400
20160112,209.9700,213.7400,205.3100,211.6000,3091900
20160113,200.3100,212.6500,200.0000,212.0100,4126400
20160114,206.1800,210.0000,193.3800,202.2100,6490700
20160115,204.9900,205.0700,197.2500,198.9700,5322200
20160119,204.7200,210.4700,200.7800,208.7100,4038700
20160120,198.7000,201.2800,191.2500,199.4000,5838600
20160121,199.9700,203.2300,195.0200,201.5500,3166200
20160122,202.5500,205.5000,199.0300,204.8000,3124100
20160125,196.3800,203.5700,195.8800,200.0600,2698700
20160126,193.5600,197.8200,188.8800,196.7000,4964200
20160127,188.0700,193.2600,185.7700,192.3800,3617200
20160128,189.7000,191.2800,182.4100,190.7900,4592800
20160129,191.2000,193.7400,188.0800,189.9500,2852300
20160201,196.9400,199.5200,182.7500,188.7600,5297600
20160202,182.7800,193.1200,180.2300,192.4200,5773600
20160203,173.4800,183.9400,170.1800,183.5900,7931400
20160204,175.3300,175.9800,166.9900,170.7000,4385400
20160205,162.6000,173.0000,157.7400,171.3000,9437600
20160208,147.9900,157.1500,146.0000,157.1000,9313000
20160209,148.2500,159.7900,141.0500,142.3200,8651600
20160210,143.6700,154.9700,141.7400,150.5000,10406500
20160211,150.4700,163.2600,147.0000,152.0000,14252400
20160212,151.0400,157.0100,143.7000,155.0000,7235800
20160216,155.1700,162.9500,154.1100,158.7000,5593800
20160217,168.6800,169.3400,156.6800,159.0000,5825200
20160218,166.7700,172.9500,164.7700,172.4200,3887600
20160219,166.5800,167.4900,162.5000,163.6600,2959400
20160222,177.7400,178.9100,169.8500,170.1200,5060100
20160223,177.2100,181.7300,173.6800,176.1600,5984400
20160224,179.0000,179.5000,167.8400,172.7500,5395600
20160225,187.4300,188.5200,175.2000,178.6500,5750700
20160226,190.3400,192.0000,185.0000,188.7000,6065100
20160229,191.9300,196.3500,189.2200,192.4000,4499000
20160301,186.3500,195.9500,182.7000,194.2500,6712200
20160302,188.3400,188.5200,181.5000,183.7300,4862400
20160303,195.7400,197.4200,184.2200,188.2800,4829000
20160304,201.0400,204.0300,197.5000,198.0000,6489100
20160307,205.2900,209.7000,197.4000,197.6800,5329400
20160308,202.6000,207.5000,202.2000,203.5000,4178700
20160309,208.7200,209.3700,202.7900,204.5200,3208600
20160310,205.1800,213.2900,200.6700,210.0000,5192500
20160311,207.5000,209.4200,205.3300,207.9300,3343100
20160314,215.1500,216.7200,210.6400,212.6500,4065700
20160315,218.3400,218.9700,211.5000,214.2700,3180500
20160316,221.9300,222.5800,217.0200,218.0000,3516700
20160317,226.3800,228.5000,220.0000,221.4700,3782900
20160318,232.7400,234.4800,228.0600,229.1000,4711800
20160321,238.3200,239.8800,235.0000,235.3400,5307800
20160322,234.2400,238.9900,232.5600,237.2100,4316000
20160323,222.5800,234.7300,222.0300,232.3700,4948800
20160324,227.7500,228.8900,215.0000,215.7800,4960900
20160328,230.2600,234.8100,225.0000,231.6100,3925700
20160329,230.1300,232.3800,225.3300,229.8900,4014300
20160330,226.8900,235.5000,226.5000,235.0900,4033000
20160331,229.7700,237.4200,225.0100,229.3400,8012900
20160401,237.5900,247.9000,233.2500,244.8300,15997500
20160404,246.9900,252.1200,243.6400,249.1200,13475300
20160405,255.4700,256.5600,240.0000,240.5000,9948700
20160406,265.4200,267.7400,253.4500,253.9700,11705500
20160407,257.2000,269.3400,254.5100,266.4500,8856200
20160408,250.0700,260.8200,248.0200,260.5000,7363900
20160411,249.9200,258.9900,245.3000,251.0000,9161700
20160412,247.8200,251.8000,243.6300,249.5000,5763200
20160413,254.5300,255.5000,247.3300,248.5100,4925600
20160414,251.8600,256.8400,251.0500,253.0000,4132200
20160415,254.5100,254.6000,249.1200,251.3100,3752400
20160418,253.8800,258.3100,251.6600,252.2300,4261800
20160419,247.3700,254.3700,241.2500,253.1200,6357500
20160420,249.9700,253.6600,241.5000,246.2600,5194100
20160421,248.2900,250.9000,246.9100,248.9900,2783100
20160422,253.7500,254.0000,245.7100,248.8900,3786300
20160425,251.8200,257.3800,250.7600,253.0100,3670300
20160426,253.7400,255.7300,249.3900,252.0500,3223800
20160427,251.4700,255.0000,249.4000,252.7500,3205800
20160428,247.7100,253.4300,247.4400,249.8500,2519000
20160429,240.7600,248.4300,237.8100,248.1400,5413800
20160502,241.8000,243.1900,234.8200,241.5000,3843900
20160503,232.3200,238.9100,231.6200,237.3600,4302200
20160504,222.5600,234.4600,220.4000,230.2900,8700500
20160505,211.5300,228.6400,209.7900,228.4600,11254800
20160506,214.9300,216.3700,208.1100,210.8700,5681100
20160509,208.9200,216.1500,206.8000,215.7200,4776400
20160510,208.6900,209.4700,205.0000,207.5500,4070600
20160511,208.9600,215.4800,206.0500,207.5900,5161900
20160512,207.2800,211.6700,203.6600,211.4400,3650500
20160513,207.6100,211.2000,206.7000,207.7800,2822800
20160516,208.2900,213.1500,207.9200,208.1500,2949400
20160517,204.6600,209.8200,204.0200,209.0500,2843600
20160518,211.1700,215.3100,207.7500,209.1500,5617500
20160519,215.2100,216.7900,207.3000,213.6200,6866300
20160520,220.2800,220.5500,216.3500,216.9900,9007100
20160523,216.2200,222.6000,215.8600,219.8700,5102500
20160524,217.9100,218.7400,215.1800,216.6000,3013800
20160525,219.5800,221.3600,216.5100,217.9100,3126800
20160526,225.1200,225.2600,219.0500,220.5000,4072400
20160527,223.0400,225.9300,220.7500,224.9900,3642700
20160531,223.2300,224.7500,221.5000,223.0400,2789000
20160601,219.5600,222.4000,216.8900,221.4800,2982700
20160602,218.9600,219.9100,217.1100,219.5900,2032800
20160603,218.9900,221.9400,218.0100,220.0000,2229000
20160606,220.6800,220.9000,215.4500,218.0000,2249500
20160607,232.3400,234.4400,221.5200,222.2400,6213600
20160608,235.5200,240.8500,232.6100,233.8000,5972000
20160609,229.3600,235.3300,227.0600,234.9800,4492100
20160610,218.7900,227.9700,218.4200,227.3900,6026600
20160613,217.8700,225.7700,217.6600,219.5000,4193000
20160614,214.9600,222.2000,212.5300,218.8800,3580200
20160615,217.7000,221.9000,215.1300,216.9500,2908500
20160616,217.9300,218.0400,213.5000,217.4200,2440300
20160617,215.4700,219.9900,214.5000,217.8100,3112600
20160620,219.7000,223.7500,218.2300,219.5000,3555500
20160621,219.6100,222.5700,218.8100,220.6800,4529000
20160622,196.6600,205.9500,195.7500,199.4700,23742400
20160623,196.4000,197.5500,192.1300,195.6900,10130700
20160624,193.1500,195.1200,189.7300,190.0500,7026500
20160627,198.5500,198.8100,187.8700,190.8600,7205400
20160628,201.7900,204.0500,199.4100,201.8900,6212400
20160629,210.1900,211.7800,203.0000,205.1300,5994900
20160630,212.2800,213.5000,209.0200,212.9700,4843100
20160701,216.5000,218.2400,206.0000,206.1400,5400000
20160705,213.9800,214.5400,208.0000,209.7300,5175300
20160706,214.4400,215.2300,209.0000,210.0000,4919900
20160707,215.9400,218.1200,213.0100,213.1000,3612000
20160708,216.7800,219.8100,214.5000,217.8000,4074800
20160711,224.7800,226.7800,219.5100,219.9600,5429800
20160712,224.6500,227.5000,223.2200,224.1000,4571300
20160713,222.5300,225.5900,220.2900,225.5000,3567100
20160714,221.5300,224.9400,221.0500,223.1200,2675800
20160715,220.4000,222.7500,219.6400,222.5200,2234200
20160718,226.2500,227.0900,218.3000,219.6400,3412100
20160719,225.2600,229.1000,224.7500,225.0000,3115100
20160720,228.3600,229.8000,225.0000,226.4700,2568500
20160721,220.5000,227.8500,219.1000,226.0000,4428700
20160722,222.2700,224.5000,218.8800,221.9900,2579700
20160725,230.0100,231.3900,221.3700,222.2700,4490700
20160726,229.5100,230.0000,225.3000,227.6900,3430000
20160727,228.4900,233.3600,226.9200,229.3400,2889000
20160728,230.6100,230.7600,226.6000,227.9500,2419100
20160729,234.7900,235.2800,230.2400,230.7000,3070800
20160801,230.0100,236.6300,229.3800,235.5000,4016300
20160802,227.2000,229.8700,221.4000,229.3700,3934400
20160803,225.7900,229.7000,224.2100,227.3700,3887800
20160804,230.6100,230.8600,222.0500,225.6900,4147000
20160805,230.0300,232.0000,227.4000,230.0000,3205200
20160808,226.1600,229.6000,226.0900,228.0000,2263600
20160809,229.0800,231.5400,226.6500,226.8200,2207800
20160810,225.6500,229.8700,224.6200,228.2400,2338300
20160811,224.9100,227.5700,223.4100,226.1700,1880900
20160812,225.6100,226.6500,224.0400,225.4100,1813500
20160815,225.5900,229.5000,224.9300,226.0200,2034300
20160816,223.6100,227.1900,223.4100,225.4900,2267100
20160817,223.2400,224.8300,222.8000,224.3300,1787100
20160818,223.5100,225.6600,222.2900,223.8200,1714500
20160819,225.0000,225.1700,222.5300,223.5400,1659500
20160822,222.9300,225.1100,222.6800,224.1700,2065500
20160823,224.8400,228.4900,222.8000,224.3200,4784400
20160824,222.6200,227.1500,222.2200,227.0500,2570700
20160825,220.9600,223.8000,220.7700,223.1100,1762500
20160826,219.9900,222.8600,218.8200,222.1400,2239000
20160829,215.2000,220.4000,215.0000,220.1500,3266300
20160830,211.3400,216.1100,210.5200,216.1100,3168900
20160831,212.0100,212.6000,208.6500,210.4300,3276500
20160901,200.7700,211.1000,200.5000,209.0100,7943100
20160902,197.7800,203.2000,196.2000,202.3300,5977400
20160906,202.8300,203.2500,199.0000,199.0200,4390600
20160907,201.7100,206.5000,200.7100,205.5000,3640900
20160908,197.3600,199.8900,196.3600,199.5500,3377900
20160909,194.4700,199.9200,193.7000,199.0900,3757000
20160912,198.3000,201.3700,194.1000,195.0000,3715200
20160913,196.0500,198.4900,193.4500,197.0600,3589400
20160914,196.4100,197.9200,194.8600,195.7500,2254500
20160915,200.4200,202.5200,196.4000,196.4900,3077200
20160916,205.4000,205.7000,199.0000,200.4200,3107800
20160919,206.3400,209.4300,205.0000,207.0000,2299500
20160920,204.6400,207.7500,203.9100,206.8500,2410500
20160921,205.2200,207.0000,201.5600,206.3700,2633500
20160922,206.4300,207.2800,203.0000,206.4000,2382900
20160923,207.4500,210.1800,205.6700,205.9900,2905200
20160926,208.9900,211.0000,206.5000,206.5000,2394400
20160927,205.8100,209.9800,204.6100,209.6500,3373200
20160928,206.2700,208.2500,205.2600,207.5100,2088400
20160929,200.7000,207.3300,200.5800,205.6000,2727000
20160930,204.0300,204.9800,199.5500,202.2100,2586300
20161003,213.7000,215.6700,208.2500,212.3000,5999900
20161004,211.4100,213.3200,208.8200,213.1000,3541500
20161005,208.4600,213.1500,208.1200,212.2400,1877500
20161006,201.0000,204.2100,200.2100,202.4600,4703400
20161007,196.6100,201.3200,195.8000,201.0000,3493000
20161010,200.9500,204.1400,199.6600,201.3500,3316300
20161011,200.1000,202.2000,198.3100,201.8500,2328400
20161012,201.5100,203.8800,200.4200,200.9500,1970700
20161013,200.2400,200.9000,197.0500,200.5000,2494600
20161014,196.5100,201.4300,196.3000,200.6600,4269900
20161017,193.9600,198.3900,192.0000,197.0500,4554100
20161018,199.1000,199.4700,193.2600,195.9900,5680500
20161019,203.5600,206.6600,198.0600,199.7400,6991200
20161020,199.1000,203.0000,197.0500,202.1200,5072900
20161021,200.0900,201.5700,197.4100,198.6000,2943400
20161024,202.7600,203.9500,200.2500,201.0000,2751600
20161025,202.3400,204.6900,201.2000,202.9000,2445000
20161026,202.2400,203.1900,200.1000,201.0000,5632800
20161027,204.0100,213.7000,201.6500,211.3400,13093700
20161028,199.9700,205.3200,199.8300,204.0000,4280100
20161031,197.7300,202.4900,195.8100,202.4900,4692300
20161101,190.7900,198.5000,188.1100,198.0400,7060000
20161102,188.0200,192.7000,187.5100,190.0500,4253400
20161103,187.4200,191.4700,187.0400,189.0000,2653000
20161104,190.5600,193.4600,185.9600,189.0000,5146000
20161107,193.2100,194.2900,190.0500,193.5900,3870100
20161108,194.9400,197.4900,191.2600,193.7900,3267600
20161109,190.0600,192.0000,183.9500,186.8800,8173100
20161110,185.3500,191.6100,180.4200,191.0500,6750300
20161111,188.5600,188.8800,183.0000,184.2400,3988500
20161114,181.4500,188.2500,178.1900,188.0000,6552200
20161115,183.7700,186.4300,182.0500,182.7800,3902000
20161116,183.9300,184.7300,181.2100,182.6500,3434400
20161117,188.6600,189.4900,182.1100,183.4900,4887100
20161118,185.0200,193.0000,185.0000,190.6500,5210300
20161121,184.5200,188.8900,184.4100,185.0400,4361000
20161122,191.1700,191.4700,183.7100,185.8400,5603400
20161123,193.1400,195.6400,189.0000,190.6100,4891900
20161125,196.6500,197.2400,193.6400,193.6400,2366100
20161128,196.1200,199.3500,194.5500,195.4800,4529200
20161129,189.5700,196.7300,189.5000,195.5600,4439300
20161130,189.4000,191.8900,187.5000,191.0000,3547100
20161201,181.8800,188.5300,181.0000,188.2500,5126400
20161202,181.4700,184.8800,180.0000,182.8800,4042300
20161205,186.8000,188.8900,182.5100,182.5100,4072200
20161206,185.8500,186.5800,182.6800,185.5200,3391600
20161207,193.1500,193.4000,185.0000,186.1500,5461900
20161208,192.2900,192.5000,189.5400,192.0500,3194100
20161209,192.1800,193.8400,190.8100,190.8700,2722500
20161212,192.4300,194.4200,191.1800,192.8000,2438900
20161213,198.1500,201.2800,193.0000,193.1800,6823900
20161214,198.6900,203.0000,196.7600,198.7400,4150900
20161215,197.5800,200.7400,197.3900,198.4100,3219600
20161216,202.4900,202.5900,197.6000,198.0800,3796900
20161219,202.7300,204.4500,199.8400,202.4900,3488100
20161220,208.7900,209.0000,202.5000,203.0500,4689100
20161221,207.7000,212.2300,207.4100,208.4500,5207600
20161222,208.4500,209.9900,206.5000,208.2200,3111100
20161223,213.3400,213.4500,207.7100,208.0000,4670500
20161227,219.5300,222.2500,214.4200,214.8800,5915700
20161228,219.7400,223.8000,217.2000,221.5300,3782500
20161229,214.6800,219.2000,214.1200,218.5600,4045000
20161230,213.6900,217.5000,211.6800,216.3000,4642600
20170103,216.9900,220.3300,210.9600,214.8600,5923300
20170104,226.9900,228.0000,214.3100,214.7500,11213500
20170105,226.7500,227.4800,221.9500,226.4200,5911700
20170106,229.0100,230.3100,225.4500,226.9300,5527900
20170109,231.2800,231.9200,228.0000,228.9700,3957000
20170110,229.8700,232.0000,226.8900,232.0000,3660000
20170111,229.7300,229.9800,226.6800,229.0700,3650800
20170112,229.5900,230.7000,225.5800,229.0600,3790200
20170113,237.7500,237.8500,229.5900,230.0000,6093000
20170117,235.5800,239.9600,234.3700,236.7000,4617500
20170118,238.3600,239.7100,235.5800,236.6500,3769000
20170119,243.7600,248.6800,240.7500,247.2500,7732300
20170120,244.7300,246.0000,243.0100,245.4600,4204300
20170123,248.9200,250.8900,245.5000,245.8500,6262900
20170124,254.6100,254.8000,249.6500,250.0000,4965500
20170125,254.4700,258.4600,251.8000,257.3100,5142600
20170126,252.5100,255.7400,250.7500,254.2900,3152100
20170127,252.9500,253.0000,248.5200,251.3800,3166300
20170130,250.6300,255.2900,247.1000,252.5300,3801100
20170131,251.9300,255.8900,247.7000,249.2400,4116100
20170201,249.2400,253.2000,249.0500,253.0500,3958800
20170202,251.5500,252.4200,247.7100,248.3400,2499800
20170203,251.3300,252.1800,249.6800,251.9100,2186700
20170206,257.7700,257.8200,250.6300,251.0000,3562500
20170207,257.4800,260.0000,256.4200,258.1900,4244800
20170208,262.0800,263.3600,256.2000,257.3500,3933000
20170209,269.2000,271.1800,266.1500,266.2500,7820200
20170210,269.2300,270.9500,266.1100,269.7900,3619700
20170213,280.6000,280.7900,270.5100,270.7400,7016700
