------------------------------
Sys Name : BBSysWFilter
Mkt Symb : OJ
20000616      BollBuy  1 157.10730       0.00       0.00
20000705      LXC<AVG  1 154.35000    -513.60    -513.60
20000714     BollShrt  1 151.51196       0.00       0.00
20001107      SXC>AVG  1 144.15000    1004.29     490.70
20001127      BollBuy  1 146.33647       0.00       0.00
20001226      LXC<AVG  1 144.15000    -427.97      62.73
20010522      BollBuy  1 138.58870       0.00       0.00
20010604      LXC<AVG  1 135.00000    -638.30    -575.58
20010615     BollShrt  1 132.72113       0.00       0.00
20010705      SXC>AVG  1 137.50000    -816.83   -1392.41
20010709      BollBuy  1 139.09180       0.00       0.00
20010723      LXC<AVG  1 134.30000    -818.77   -2211.18
20010802     BollShrt  1 130.76060       0.00       0.00
20010920      SXC>AVG  1 133.80000    -555.91   -2767.09
20011012      BollBuy  1 136.99271       0.00       0.00
20011212      LXC<AVG  1 138.70000     156.09   -2610.99
20020115     BollShrt  1 135.35000       0.00       0.00
20020222      SXC>AVG  1 139.35000    -700.00   -3310.99
20020715      BollBuy  1 142.91978       0.00       0.00
20020926      LXC<AVG  1 146.80000     482.03   -2828.96
20021001     BollShrt  1 142.07437       0.00       0.00
20021106      SXC>AVG  1 146.50000    -763.84   -3592.80
20021227     BollShrt  1 138.90980       0.00       0.00
20030619      SXC>AVG  1 125.40000    1926.47   -1666.33
20030714     BollShrt  1 120.39489       0.00       0.00
20040624      SXC>AVG  1  86.80000    4939.23    3272.90
20040702      BollBuy  1  91.50931       0.00       0.00
20040727      LXC<AVG  1  85.65000    -978.90    2294.00
20040816      BollBuy  1  96.75000       0.00       0.00
20041028      LXC<AVG  1 100.90000     522.50    2816.50
20041112     BollShrt  1  94.17700       0.00       0.00
20041210      SXC>AVG  1 104.40000   -1633.45    1183.05
20050310      BollBuy  1 113.00000       0.00       0.00
20050412      LXC<AVG  1 106.05000   -1142.50      40.55
20050628      BollBuy  1 111.94369       0.00       0.00
20050720      LXC<AVG  1 107.30000    -796.55    -756.00
20050809     BollShrt  1 102.27584       0.00       0.00
20050922      SXC>AVG  1 105.05000    -516.12   -1272.12
20051017      BollBuy  1 113.03237       0.00       0.00
20060117      LXC<AVG  1 123.45000    1462.64     190.52
20060119     BollShrt  1 117.50000       0.00       0.00
20060131      SXC>AVG  1 127.30000   -1570.00   -1379.48
20060206      BollBuy  1 134.14449       0.00       0.00
20060713      LXC<AVG  1 158.10000    3493.33    2113.85
20060801      BollBuy  1 173.95073       0.00       0.00
20060918      LXC<AVG  1 170.05000    -685.11    1428.74
20061012      BollBuy  1 188.88932       0.00       0.00
20070110      LXC<AVG  1 199.20000    1446.60    2875.34
20070117      BollBuy  1 207.23178       0.00       0.00
20070129      LXC<AVG  1 198.20000   -1454.77    1420.57
20070130     BollShrt  1 194.27871       0.00       0.00
20070221      SXC>AVG  1 200.95000   -1100.69     319.88
20070227      BollBuy  1 211.52341       0.00       0.00
20070328      LXC<AVG  1 196.15000   -2406.01   -2086.13
20070411     BollShrt  1 187.58631       0.00       0.00
20070921      SXC>AVG  1 142.95000    6595.45    4509.31
20071010      BollBuy  1 158.62038       0.00       0.00
20071116      LXC<AVG  1 145.20000   -2113.06    2396.26
20080208     BollShrt  1 141.74630       0.00       0.00
20080429      SXC>AVG  1 133.40000    1151.95    3548.20
20080529     BollShrt  1 113.07833       0.00       0.00
20080606      SXC>AVG  1 124.65000   -1835.75    1712.45
20080701      BollBuy  1 133.04533       0.00       0.00
20080724      LXC<AVG  1 120.30000   -2011.80    -299.35
20080801     BollShrt  1 109.58127       0.00       0.00
20090107      SXC>AVG  1  77.85000    4659.69    4360.34
20090212     BollShrt  1  67.35360       0.00       0.00
20090305      SXC>AVG  1  71.70000    -751.96    3608.38
20090324      BollBuy  1  76.96583       0.00       0.00
20090610      LXC<AVG  1  80.90000     490.13    4098.51
20090622     BollShrt  1  71.42303       0.00       0.00
20090709      SXC>AVG  1  81.90000   -1671.55    2426.96
20090715      BollBuy  1  95.27305       0.00       0.00
20090803      LXC<AVG  1  82.30000   -2045.96     381.01
20090810      BollBuy  1  99.70499       0.00       0.00
20090827      LXC<AVG  1  83.85000   -2478.25   -2097.24
20091012      BollBuy  1  99.66743       0.00       0.00
20100323      LXC<AVG  1 120.60000    3039.89     942.64
20100406     BollShrt  1 110.60918       0.00       0.00
20100511      SXC>AVG  1 117.65000   -1156.12    -213.48
20100630      BollBuy  1 122.65378       0.00       0.00
20100708      LXC<AVG  1 112.15000   -1675.57   -1889.05
20100811     BollShrt  1 111.41329       0.00       0.00
20100909      SXC>AVG  1 117.55000   -1020.51   -2909.55
20100921      BollBuy  1 125.43038       0.00       0.00
20101014      LXC<AVG  1 113.05000   -1957.06   -4866.61
20101102      BollBuy  1 133.62686       0.00       0.00
20101126      LXC<AVG  1 123.10000   -1679.03   -6545.64
20101206      BollBuy  1 134.73040       0.00       0.00
20110311      LXC<AVG  1 142.75000    1102.94   -5442.70
20110321     BollShrt  1 135.33934       0.00       0.00
20110411      SXC>AVG  1 144.50000   -1474.10   -6916.80
20110512      BollBuy  1 156.16524       0.00       0.00
20110805      LXC<AVG  1 165.05000    1232.71   -5684.08
20110809     BollShrt  1 153.57937       0.00       0.00
20111013      SXC>AVG  1 160.75000   -1175.59   -6859.68
20111026      BollBuy  1 175.12222       0.00       0.00
20111212      LXC<AVG  1 163.20000   -1888.33   -8748.01
20120104      BollBuy  1 179.35277       0.00       0.00
20120222      LXC<AVG  1 182.05000     304.58   -8443.43
20120816      BollBuy  1 139.67796       0.00       0.00
20121009      LXC<AVG  1 136.60000    -561.69   -9005.12
20121211      BollBuy  1 154.42769       0.00       0.00
20121231      LXC<AVG  1 141.60000   -2024.15  -11029.27
20130405      BollBuy  1 169.19431       0.00       0.00
20130619      LXC<AVG  1 166.40000    -519.15  -11548.42
20130625     BollShrt  1 160.72295       0.00       0.00
20130717      SXC>AVG  1 167.80000   -1161.56  -12709.98
20130812     BollShrt  1 152.36353       0.00       0.00
20130912      SXC>AVG  1 161.95000   -1537.97  -14247.95
20130917     BollShrt  1 150.15825       0.00       0.00
20131108      SXC>AVG  1 153.70000    -631.26  -14879.21
20131209      BollBuy  1 165.51977       0.00       0.00
20140128      LXC<AVG  1 160.00000    -927.97  -15807.18
20140207      BollBuy  1 168.89609       0.00       0.00
20140529      LXC<AVG  1 178.85000    1393.09  -14414.09
20140624     BollShrt  1 174.13309       0.00       0.00
20141120      SXC>AVG  1 157.60000    2379.96  -12034.13
20141210      BollBuy  1 168.17278       0.00       0.00
20141222      LXC<AVG  1 156.15000   -1903.42  -13937.54
20150218     BollShrt  1 150.43122       0.00       0.00
20150522      SXC>AVG  1 135.90000    2079.68  -11857.86
20150803      BollBuy  1 142.94175       0.00       0.00
20150824      LXC<AVG  1 136.80000   -1021.26  -12879.12
20150828      BollBuy  1 148.77375       0.00       0.00
20150910      LXC<AVG  1 139.70000   -1461.06  -14340.19
20150923     BollShrt  1 131.10492       0.00       0.00
20151014      SXC>AVG  1 143.60000   -1974.26  -16314.45
20151016      BollBuy  1 155.07309       0.00       0.00
20160107      LXC<AVG  1 160.40000     699.04  -15615.41
20160115     BollShrt  1 148.19803       0.00       0.00
20160322      SXC>AVG  1 154.00000    -970.29  -16585.71
20160331      BollBuy  1 162.90488       0.00       0.00
20160401        L-EOD  1 167.40000     574.27  -16011.44
------------------------------
Sys Name : BBSysWFilter
Mkt Symb : PA
20020430     BollShrt  1 482.23218       0.00       0.00
20020516      SXC>AVG  1 495.60000   -1436.78   -1436.78
20020612     BollShrt  1 464.50079       0.00       0.00
20020826      SXC>AVG  1 459.60000     390.08   -1046.70
20020827      BollBuy  1 473.75465       0.00       0.00
20020830      LXC<AVG  1 451.65000   -2310.46   -3357.17
20021101     BollShrt  1 431.18852       0.00       0.00
20030122      SXC>AVG  1 397.60000    3258.85     -98.31
20030314     BollShrt  1 352.63203       0.00       0.00
20030527      SXC>AVG  1 322.35000    2928.20    2829.89
20030822      BollBuy  1 316.87036       0.00       0.00
20031015      LXC<AVG  1 317.55000     -32.04    2797.85
20031125     BollShrt  1 315.14913       0.00       0.00
20031208      SXC>AVG  1 332.15000   -1800.09     997.76
20040112      BollBuy  1 339.08357       0.00       0.00
20040428      LXC<AVG  1 374.75000    3466.64    4464.41
20040907     BollShrt  1 327.76483       0.00       0.00
20040924      SXC>AVG  1 340.80000   -1403.52    3060.89
20041007      BollBuy  1 349.17864       0.00       0.00
20041013      LXC<AVG  1 334.50000   -1567.86    1493.03
20041203     BollShrt  1 320.92480       0.00       0.00
20050303      SXC>AVG  1 312.40000     752.48    2245.51
20050304      BollBuy  1 330.55000       0.00       0.00
20050428      LXC<AVG  1 308.55000   -2300.00     -54.49
20050525     BollShrt  1 298.89732       0.00       0.00
20050720      SXC>AVG  1 303.30000    -540.27    -594.76
20050722      BollBuy  1 310.89808       0.00       0.00
20050809      LXC<AVG  1 298.70000   -1319.81   -1914.57
20050919      BollBuy  1 306.86721       0.00       0.00
20060213      LXC<AVG  1 379.25000    7138.28    5223.71
20060303      BollBuy  1 412.54189       0.00       0.00
20060308     L-MMLoss  1 382.54189   -3100.00    2123.71
20060315      BollBuy  1 415.13905       0.00       0.00
20060522      LXC<AVG  1 441.25000    2511.09    4634.81
20060905      BollBuy  1 444.64542       0.00       0.00
20060908     L-MMLoss  1 414.64542   -3100.00    1534.81
20060915     BollShrt  1 395.79471       0.00       0.00
20061018      SXC>AVG  1 420.25000   -2545.53   -1010.72
20070103      BollBuy  1 428.89799       0.00       0.00
20070110      LXC<AVG  1 413.45000   -1644.80   -2655.52
20070117      BollBuy  1 424.91550       0.00       0.00
20070514      LXC<AVG  1 437.80000    1188.45   -1467.07
20070725     BollShrt  1 435.13301       0.00       0.00
20071001      SXC>AVG  1 429.65000     448.30   -1018.77
20080125      BollBuy  1 454.93467       0.00       0.00
20080324      LXC<AVG  1 493.10000    3716.53    2697.76
20080619      BollBuy  1 531.89842       0.00       0.00
20080707     L-MMLoss  1 501.89842   -3100.00    -402.24
20090209      BollBuy  1 264.33785       0.00       0.00
20090223     L-MMLoss  1 234.33785   -3100.00   -3502.24
20090326      BollBuy  1 267.37778       0.00       0.00
20090501      LXC<AVG  1 261.35000    -702.78   -4205.02
20090507      BollBuy  1 290.39127       0.00       0.00
20090622      LXC<AVG  1 279.85000   -1154.13   -5359.14
20090727      BollBuy  1 310.11114       0.00       0.00
20100519      LXC<AVG  1 499.50000   18838.89   13479.74
20150608     BollShrt  1 744.13754       0.00       0.00
20150921      SXC>AVG  1 617.30000   12583.75   26063.50
------------------------------
Sys Name : BBSysWFilter
Mkt Symb : PL
20000426     BollShrt  1 463.66714       0.00       0.00
20000428     S-MMLoss  1 529.00000   -3366.64   -3366.64
20000518      BollBuy  1 532.71459       0.00       0.00
20000926      LXC<AVG  1 611.80000    3854.27     487.63
20001102      BollBuy  1 650.81940       0.00       0.00
20010129      LXC<AVG  1 657.70000     244.03     731.66
20010302     BollShrt  1 645.99758       0.00       0.00
20010416      SXC>AVG  1 672.70000   -1435.12    -703.46
20010503      BollBuy  1 685.68229       0.00       0.00
20010601      LXC<AVG  1 656.60000   -1554.11   -2257.58
20010702     BollShrt  1 622.83741       0.00       0.00
20011112      SXC>AVG  1 529.90000    4546.87    2289.29
20011207      BollBuy  1 556.77131       0.00       0.00
20020131      LXC<AVG  1 544.50000    -713.57    1575.73
20020227      BollBuy  1 590.30000       0.00       0.00
20020627      LXC<AVG  1 637.80000    2275.00    3850.73
20020828      BollBuy  1 676.30000       0.00       0.00
20020904      LXC<AVG  1 641.40000   -1845.00    2005.73
20020919      BollBuy  1 674.32919       0.00       0.00
20030324      LXC<AVG  1 758.50000    4108.54    6114.27
20030429     BollShrt  1 723.08713       0.00       0.00
20030512      SXC>AVG  1 780.60000   -2975.64    3138.62
20030619      BollBuy  1 806.22943       0.00       0.00
20040422      LXC<AVG  1 999.60000    9568.53   12707.15
20040810      BollBuy  1 1018.70213       0.00       0.00
20041004      LXC<AVG  1 1007.70000    -650.11   12057.05
20041028     BollShrt  1 999.19738       0.00       0.00
20041104      SXC>AVG  1 1027.30000   -1505.13   10551.92
20041112      BollBuy  1 1050.70000       0.00       0.00
20041208      LXC<AVG  1 1012.80000   -1995.00    8556.92
20041208     BollShrt  1 1000.45233       0.00       0.00
20041227      SXC>AVG  1 1053.70000   -2762.38    5794.53
20050316      BollBuy  1 1066.58175       0.00       0.00
20050323      LXC<AVG  1 1037.20000   -1569.09    4225.44
20050426      BollBuy  1 1063.67185       0.00       0.00
20050428      LXC<AVG  1 1047.40000    -913.59    3311.85
20050511      BollBuy  1 1066.40000       0.00       0.00
20050513      LXC<AVG  1 1047.80000   -1030.00    2281.85
20050516     BollShrt  1 1036.60358       0.00       0.00
20050524      SXC>AVG  1 1052.20000    -879.82    1402.03
20050615      BollBuy  1 1065.75550       0.00       0.00
20050701      LXC<AVG  1 1054.90000    -642.78     759.26
20050729      BollBuy  1 1080.95646       0.00       0.00
20051221      LXC<AVG  1 1137.70000    2737.18    3496.43
20060112      BollBuy  1 1204.19770       0.00       0.00
20060213      LXC<AVG  1 1186.80000    -969.89    2526.55
20060330      BollBuy  1 1263.59796       0.00       0.00
20060612      LXC<AVG  1 1332.30000    3335.10    5861.65
20060915     BollShrt  1 1340.09128       0.00       0.00
20061103      SXC>AVG  1 1361.30000   -1160.44    4701.21
20070730     BollShrt  1 1398.73623       0.00       0.00
20070907      SXC>AVG  1 1420.90000   -1208.19    3493.02
20100824     BollShrt  1 1552.21410       0.00       0.00
20100902      SXC>AVG  1 1609.30000   -2954.29     538.73
20100914      BollBuy  1 1651.54876       0.00       0.00
20101116      LXC<AVG  1 1698.50000    2247.56    2786.29
20120820      BollBuy  1 1513.00056       0.00       0.00
20121024      LXC<AVG  1 1582.10000    3354.97    6141.26
20140514      BollBuy  1 1487.89456       0.00       0.00
20140602      LXC<AVG  1 1438.10000   -2589.73    3551.54
20140611      BollBuy  1 1489.21776       0.00       0.00
20140612      LXC<AVG  1 1442.70000   -2425.89    1125.65
20140701      BollBuy  1 1494.59397       0.00       0.00
20140731      LXC<AVG  1 1465.40000   -1559.70    -434.05
20140820     BollShrt  1 1429.37180       0.00       0.00
20150109      SXC>AVG  1 1229.80000    9878.59    9444.54
20150116      BollBuy  1 1270.33803       0.00       0.00
20150129      LXC<AVG  1 1217.00000   -2766.90    6677.64
20150217     BollShrt  1 1178.34120       0.00       0.00
20150429      SXC>AVG  1 1164.30000     602.06    7279.70
20150604     BollShrt  1 1098.95029       0.00       0.00
20151009      SXC>AVG  1 984.20000    5637.51   12917.21
20160204      BollBuy  1 911.43230       0.00       0.00
20160401        L-EOD  1 955.20000    2088.38   15005.60
------------------------------
Sys Name : BBSysWFilter
Mkt Symb : QG
20020617      BollBuy  1  21.74500       0.00       0.00
20021104      LXC<AVG  1  21.78000     -12.50     -12.50
20021210      BollBuy  1  22.43294       0.00       0.00
20030403      LXC<AVG  1  24.39000    4792.65    4780.15
20030604      BollBuy  1  25.86500       0.00       0.00
20030612      LXC<AVG  1  24.94000   -2412.50    2367.65
20030702     BollShrt  1  24.41594       0.00       0.00
20031007      SXC>AVG  1  24.19000     464.85    2832.49
20031009      BollBuy  1  24.48607       0.00       0.00
20031020      LXC<AVG  1  23.82000   -1765.18    1067.31
20031029     BollShrt  1  23.48398       0.00       0.00
20031202      SXC>AVG  1  24.03000   -1465.06    -397.75
20031204      BollBuy  1  24.49706       0.00       0.00
20040115      LXC<AVG  1  24.28500    -630.14   -1027.89
20040503      BollBuy  1  24.52000       0.00       0.00
20040609      LXC<AVG  1  24.32500    -587.50   -1615.39
20040802     BollShrt  1  24.00235       0.00       0.00
20040928      SXC>AVG  1  23.71500     618.37    -997.02
20041007      BollBuy  1  24.70658       0.00       0.00
20041109      LXC<AVG  1  23.87000   -2191.44   -3188.46
20050315      BollBuy  1  22.60385       0.00       0.00
20050427      LXC<AVG  1  21.99000   -1634.63   -4823.09
20050523     BollShrt  1  21.46778       0.00       0.00
20050606      SXC>AVG  1  22.25500   -2068.06   -6891.15
20050712      BollBuy  1  22.88019       0.00       0.00
20051101      LXC<AVG  1  26.37500    8637.02    1745.87
20060428     BollShrt  1  19.78076       0.00       0.00
20060615      SXC>AVG  1  20.31000   -1423.10     322.77
20060731      BollBuy  1  20.30656       0.00       0.00
20060821      LXC<AVG  1  19.43500   -2278.91   -1956.14
20060901     BollShrt  1  18.26356       0.00       0.00
20061025      SXC>AVG  1  18.88500   -1653.60   -3609.74
20070518      BollBuy  1  17.94047       0.00       0.00
20070529      LXC<AVG  1  17.36000   -1551.18   -5160.92
20070619     BollShrt  1  17.19135       0.00       0.00
20070917      SXC>AVG  1  15.86500    3215.87   -1945.05
20071101      BollBuy  1  16.38963       0.00       0.00
20071120      LXC<AVG  1  15.37000   -2649.08   -4594.13
20071130     BollShrt  1  14.92858       0.00       0.00
20080102      SXC>AVG  1  15.36500   -1191.06   -5785.19
20080211      BollBuy  1  16.06046       0.00       0.00
20080709      LXC<AVG  1  19.05000    7373.86    1588.67
20090114     BollShrt  1  11.53237       0.00       0.00
20090507      SXC>AVG  1  10.50000    2480.92    4069.59
20090706     BollShrt  1   9.70550       0.00       0.00
20090918      SXC>AVG  1   9.41000     638.75    4708.34
20100225     BollShrt  1   8.31018       0.00       0.00
20100517      SXC>AVG  1   7.88500     962.94    5671.28
20100603      BollBuy  1   8.07329       0.00       0.00
20100708      LXC<AVG  1   7.77000    -858.22    4813.06
20100823     BollShrt  1   7.47799       0.00       0.00
20101109      SXC>AVG  1   7.11500     807.47    5620.53
20110103      BollBuy  1   7.27996       0.00       0.00
20110127      LXC<AVG  1   7.01500    -762.40    4858.13
20110208     BollShrt  1   6.72614       0.00       0.00
20110322      SXC>AVG  1   6.91500    -572.15    4285.98
20110428      BollBuy  1   7.11332       0.00       0.00
20110506      LXC<AVG  1   6.76000    -983.30    3302.69
20110531      BollBuy  1   7.17279       0.00       0.00
20110616      LXC<AVG  1   6.89000    -806.97    2495.71
20110804     BollShrt  1   6.49986       0.00       0.00
20120509      SXC>AVG  1   4.20000    5649.64    8145.36
20120627      BollBuy  1   4.48662       0.00       0.00
20120813      LXC<AVG  1   4.38500    -354.04    7791.32
20121001      BollBuy  1   4.83349       0.00       0.00
20121109      LXC<AVG  1   4.63500    -596.22    7195.10
20121210     BollShrt  1   4.43448       0.00       0.00
20130304      SXC>AVG  1   4.43500    -101.29    7093.81
20130313      BollBuy  1   4.58128       0.00       0.00
20130510      LXC<AVG  1   4.75500     334.29    7428.09
20130607     BollShrt  1   4.61686       0.00       0.00
20130903      SXC>AVG  1   4.39000     467.14    7895.24
20131104     BollShrt  1   4.00500       0.00       0.00
20131122      SXC>AVG  1   4.33500    -925.00    6970.24
20131205      BollBuy  1   4.54958       0.00       0.00
20140321      LXC<AVG  1   5.36500    1938.55    8908.78
20140702     BollShrt  1   5.37572       0.00       0.00
20140926      SXC>AVG  1   4.94500     976.80    9885.58
20141015     BollShrt  1   4.70457       0.00       0.00
20141103      SXC>AVG  1   4.88000    -538.57    9347.01
20141105      BollBuy  1   5.08837       0.00       0.00
20141113      LXC<AVG  1   4.81000    -795.92    8551.09
20141117      BollBuy  1   5.17111       0.00       0.00
20141128      LXC<AVG  1   4.77000   -1102.77    7448.32
20141203     BollShrt  1   4.47141       0.00       0.00
20150318      SXC>AVG  1   3.62500    2016.02    9464.34
20150409     BollShrt  1   3.21992       0.00       0.00
20150430      SXC>AVG  1   3.41000    -575.19    8889.15
20150507     BollShrt  1   3.15821       0.00       0.00
20150508      SXC>AVG  1   3.54000   -1054.48    7834.67
20150514      BollBuy  1   3.65465       0.00       0.00
20150528      LXC<AVG  1   3.33500    -899.13    6935.53
20150824     BollShrt  1   3.25149       0.00       0.00
20160107      SXC>AVG  1   2.50000    1778.73    8714.26
20160222     BollShrt  1   1.90500       0.00       0.00
20160401        S-EOD  1   1.95500    -225.00    8489.26
------------------------------
Sys Name : BBSysWFilter
Mkt Symb : QM
20020617      BollBuy  1  87.00000       0.00       0.00
20021021      LXC<AVG  1  90.32500    1562.50    1562.50
20021105     BollShrt  1  88.69382       0.00       0.00
20021210      SXC>AVG  1  90.65000   -1078.09     484.41
20021218      BollBuy  1  93.56463       0.00       0.00
20030318      LXC<AVG  1  97.37500    1805.18    2289.59
20030609      BollBuy  1 100.55423       0.00       0.00
20030902      LXC<AVG  1 100.75000      -2.11    2287.48
20030916     BollShrt  1  99.07324       0.00       0.00
20031003      SXC>AVG  1 101.50000   -1313.38     974.10
20031118      BollBuy  1 104.20000       0.00       0.00
20040608      LXC<AVG  1 112.70000    4150.00    5124.10
20040728      BollBuy  1 118.37500       0.00       0.00
20041109      LXC<AVG  1 124.70000    3062.50    8186.60
20050222      BollBuy  1 127.53861       0.00       0.00
20050412      LXC<AVG  1 127.25000    -244.30    7942.30
20050512     BollShrt  1 123.01060       0.00       0.00
20050603      SXC>AVG  1 127.32500   -2257.20    5685.10
20050706      BollBuy  1 132.42268       0.00       0.00
20050916      LXC<AVG  1 133.10000     238.66    5923.76
20051021     BollShrt  1 130.28723       0.00       0.00
20051230      SXC>AVG  1 130.45000    -181.38    5742.37
20060112      BollBuy  1 134.24572       0.00       0.00
20060210      LXC<AVG  1 130.87500   -1785.36    3957.01
20060419      BollBuy  1 137.76686       0.00       0.00
20060517      LXC<AVG  1 132.82500   -2570.93    1386.08
20060713      BollBuy  1 138.93898       0.00       0.00
20060720      LXC<AVG  1 134.92500   -2106.99    -720.90
20060817     BollShrt  1 131.62240       0.00       0.00
20061214      SXC>AVG  1 117.45000    6986.20    6265.30
20070103     BollShrt  1 113.88679       0.00       0.00
20070222      SXC>AVG  1 113.45000     118.40    6383.69
20070327      BollBuy  1 116.15876       0.00       0.00
20070409      LXC<AVG  1 110.90000   -2729.38    3654.31
20070507     BollShrt  1 109.23694       0.00       0.00
20070517      SXC>AVG  1 113.00000   -1981.53    1672.79
20070615      BollBuy  1 115.40321       0.00       0.00
20070821      LXC<AVG  1 116.27500     335.89    2008.68
20070910      BollBuy  1 124.47518       0.00       0.00
20080115      LXC<AVG  1 142.40000    8862.41   10871.09
20091014      BollBuy  1 108.41504       0.00       0.00
20091204      LXC<AVG  1 107.45000    -582.52   10288.57
20100506     BollShrt  1 106.04185       0.00       0.00
20100720      SXC>AVG  1 102.22500    1808.42   12096.99
20100802      BollBuy  1 106.00721       0.00       0.00
20100812      LXC<AVG  1 100.40000   -2903.61    9193.38
20100824     BollShrt  1  96.32192       0.00       0.00
20100913      SXC>AVG  1 101.50000   -2689.04    6504.35
20101006      BollBuy  1 106.77404       0.00       0.00
20101117      LXC<AVG  1 102.67500   -2149.52    4354.83
20101223      BollBuy  1 112.24303       0.00       0.00
20110124      LXC<AVG  1 108.00000   -2221.51    2133.31
20110222      BollBuy  1 114.29874       0.00       0.00
20110505      LXC<AVG  1 115.07500     288.13    2421.44
20120217      BollBuy  1 116.76333       0.00       0.00
20120329      LXC<AVG  1 115.17500    -894.16    1527.28
20120504     BollShrt  1 112.18124       0.00       0.00
20120719      SXC>AVG  1 104.00000    3990.62    5517.90
20121023     BollShrt  1  98.22455       0.00       0.00
20121219      SXC>AVG  1  99.10000    -537.73    4980.17
20130102      BollBuy  1 102.63670       0.00       0.00
20130221      LXC<AVG  1 101.02500    -905.85    4074.32
20130412     BollShrt  1  98.19881       0.00       0.00
20130429      SXC>AVG  1 102.02500   -2013.10    2061.23
20130702      BollBuy  1 106.78783       0.00       0.00
20130920      LXC<AVG  1 112.87500    2943.59    5004.81
20130930     BollShrt  1 109.78666       0.00       0.00
20131219      SXC>AVG  1 105.92500    1830.83    6835.64
20140109     BollShrt  1  98.36235       0.00       0.00
20140122      SXC>AVG  1 103.37500   -2606.32    4229.32
20140212      BollBuy  1 107.77633       0.00       0.00
20140312      LXC<AVG  1 105.10000   -1438.17    2791.15
20140416      BollBuy  1 113.06092       0.00       0.00
20140501      LXC<AVG  1 108.45000   -2405.46     385.69
20140521      BollBuy  1 113.20063       0.00       0.00
20140709      LXC<AVG  1 112.20000    -600.31    -214.62
20140801     BollShrt  1 109.03757       0.00       0.00
20150326      SXC>AVG  1  62.97500   22931.29   22716.66
20150415      BollBuy  1  67.77642       0.00       0.00
20150629      LXC<AVG  1  67.17500    -400.71   22315.96
20150706     BollShrt  1  63.77500       0.00       0.00
20151005      SXC>AVG  1  54.05000    4762.50   27078.46
20151113     BollShrt  1  48.36854       0.00       0.00
20160304      SXC>AVG  1  37.62500    5271.77   32350.23
------------------------------
Sys Name : BBSysWFilter
Mkt Symb : RB
20020712      BollBuy  1   2.02620       0.00       0.00
20021107      LXC<AVG  1   2.08960    2562.88    2562.88
20021203      BollBuy  1   2.15460       0.00       0.00
20030318      LXC<AVG  1   2.30500    6216.80    8779.68
20030805      BollBuy  1   2.34250       0.00       0.00
20030917      LXC<AVG  1   2.31370   -1309.60    7470.08
------------------------------
Sys Name : BBSysWFilter
Mkt Symb : RR
20020718      BollBuy  1  20.29293       0.00       0.00
20020806      LXC<AVG  1  19.97000    -745.85    -745.85
20020904     BollShrt  1  19.45709       0.00       0.00
20030106      SXC>AVG  1  19.25000     314.18    -431.68
20030109      BollBuy  1  19.36706       0.00       0.00
20030129      LXC<AVG  1  19.23500    -364.12    -795.80
20030204      BollBuy  1  19.45248       0.00       0.00
20030602      LXC<AVG  1  20.34500    1685.04     889.25
20030627     BollShrt  1  19.95820       0.00       0.00
20030711      SXC>AVG  1  20.71500   -1613.60    -724.36
20030730      BollBuy  1  21.22600       0.00       0.00
20030908      LXC<AVG  1  20.81000    -932.00   -1656.35
20031007     BollShrt  1  20.64453       0.00       0.00
20031027      SXC>AVG  1  20.99500    -800.94   -2457.29
20031112      BollBuy  1  21.40340       0.00       0.00
20040120      LXC<AVG  1  21.64000     373.21   -2084.08
20040129     BollShrt  1  21.06000       0.00       0.00
20040224      SXC>AVG  1  21.93500   -1850.00   -3934.08
20040302      BollBuy  1  22.54621       0.00       0.00
20040520      LXC<AVG  1  23.13500    1077.57   -2856.51
20040622     BollShrt  1  22.28625       0.00       0.00
20040811      SXC>AVG  1  22.52000    -567.50   -3424.01
20040923     BollShrt  1  21.64919       0.00       0.00
20041130      SXC>AVG  1  22.04000    -881.62   -4305.63
20041220      BollBuy  1  22.09495       0.00       0.00
20050103      LXC<AVG  1  21.44000   -1409.90   -5715.53
20050126     BollShrt  1  21.21192       0.00       0.00
20050311      SXC>AVG  1  21.44000    -556.16   -6271.70
20050411      BollBuy  1  21.63057       0.00       0.00
20050531      LXC<AVG  1  21.39500    -571.13   -6842.83
20050614     BollShrt  1  21.10785       0.00       0.00
20050824      SXC>AVG  1  20.79000     535.70   -6307.12
20050912     BollShrt  1  20.13299       0.00       0.00
20050921      SXC>AVG  1  20.48500    -804.01   -7111.14
20050928      BollBuy  1  20.81366       0.00       0.00
20051026      LXC<AVG  1  20.61500    -497.33   -7608.47
20051212      BollBuy  1  21.18092       0.00       0.00
20060221      LXC<AVG  1  21.10500    -251.84   -7860.31
20060317     BollShrt  1  21.02762       0.00       0.00
20060512      SXC>AVG  1  21.11000    -264.76   -8125.07
20060523      BollBuy  1  21.42104       0.00       0.00
20060614      LXC<AVG  1  21.03500    -872.08   -8997.15
20060703      BollBuy  1  21.70466       0.00       0.00
20060726      LXC<AVG  1  21.29000    -929.32   -9926.47
20060809      BollBuy  1  21.74558       0.00       0.00
20060822      LXC<AVG  1  21.18000   -1231.16  -11157.62
20060824     BollShrt  1  21.05022       0.00       0.00
20060919      SXC>AVG  1  21.49000    -979.55  -12137.18
20061227      BollBuy  1  21.70474       0.00       0.00
20070122      LXC<AVG  1  21.45000    -609.49  -12746.67
20070315     BollShrt  1  21.14006       0.00       0.00
20070504      SXC>AVG  1  21.30500    -429.88  -13176.54
20070605     BollShrt  1  20.57405       0.00       0.00
20070611      SXC>AVG  1  20.99500    -941.89  -14118.44
20070612      BollBuy  1  21.30090       0.00       0.00
20070629      LXC<AVG  1  20.89000    -921.80  -15040.23
20070711     BollShrt  1  20.56610       0.00       0.00
20070823      SXC>AVG  1  20.80000    -567.80  -15608.03
20070919      BollBuy  1  21.23838       0.00       0.00
20080515      LXC<AVG  1  28.91500   15253.25    -354.79
20090413      BollBuy  1  21.79500       0.00       0.00
20090508      LXC<AVG  1  20.82500   -2040.00   -2394.79
20090515     BollShrt  1  20.07072       0.00       0.00
20090604      SXC>AVG  1  20.93500   -1828.57   -4223.35
20090722      BollBuy  1  21.49380       0.00       0.00
20090914      LXC<AVG  1  20.97500   -1137.59   -5360.94
20091014      BollBuy  1  22.09732       0.00       0.00
20091020      LXC<AVG  1  21.37500   -1544.63   -6905.58
20091029      BollBuy  1  22.02330       0.00       0.00
20091222      LXC<AVG  1  21.97500    -196.60   -7102.17
20100113     BollShrt  1  21.28989       0.00       0.00
20100803      SXC>AVG  1  17.49000    7499.77     397.60
20100824      BollBuy  1  18.19611       0.00       0.00
20101126      LXC<AVG  1  19.59500    2697.77    3095.37
20110131      BollBuy  1  21.30484       0.00       0.00
20110222      LXC<AVG  1  20.15000   -2409.67     685.70
20110519      BollBuy  1  20.31890       0.00       0.00
20110614      LXC<AVG  1  19.58000   -1577.80    -892.10
20110623     BollShrt  1  18.76272       0.00       0.00
20110706      SXC>AVG  1  19.78000   -2134.56   -3026.66
20110713      BollBuy  1  20.77305       0.00       0.00
20110922      LXC<AVG  1  20.57000    -506.09   -3532.75
20110930     BollShrt  1  19.87156       0.00       0.00
20111025      SXC>AVG  1  20.98000   -2316.88   -5849.63
20120201     BollShrt  1  16.88670       0.00       0.00
20120316      SXC>AVG  1  17.63500   -1596.60   -7446.23
20120327      BollBuy  1  18.26836       0.00       0.00
20120502      LXC<AVG  1  17.70500   -1226.71   -8672.94
20120601     BollShrt  1  17.00601       0.00       0.00
20120709      SXC>AVG  1  17.85000   -1787.97  -10460.92
20120907     BollShrt  1  16.87496       0.00       0.00
20121130      SXC>AVG  1  17.27000    -890.08  -11351.00
20130102     BollShrt  1  16.75722       0.00       0.00
20130122      SXC>AVG  1  17.09000    -765.56  -12116.56
20130204      BollBuy  1  17.53004       0.00       0.00
20130225      LXC<AVG  1  17.11000    -940.08  -13056.64
20130313     BollShrt  1  16.47619       0.00       0.00
20130402      SXC>AVG  1  17.15000   -1447.62  -14504.26
20130611      BollBuy  1  17.22929       0.00       0.00
20130627      LXC<AVG  1  16.69500   -1168.57  -15672.83
20130708     BollShrt  1  15.88864       0.00       0.00
20130719      SXC>AVG  1  16.68500   -1692.73  -17365.56
20131001     BollShrt  1  16.12149       0.00       0.00
20131023      SXC>AVG  1  16.52000    -897.01  -18262.57
20131114      BollBuy  1  17.00746       0.00       0.00
20131218      LXC<AVG  1  16.44500   -1224.93  -19487.50
20140218      BollBuy  1  17.08120       0.00       0.00
20140305      LXC<AVG  1  16.70500    -852.39  -20339.89
20140331      BollBuy  1  17.14992       0.00       0.00
20140416      LXC<AVG  1  16.85000    -699.85  -21039.74
20140527     BollShrt  1  16.53512       0.00       0.00
20150324      SXC>AVG  1  12.74000    7490.24  -13549.50
20150413     BollShrt  1  11.85102       0.00       0.00
20150624      SXC>AVG  1  11.51000     582.05  -12967.45
20150706      BollBuy  1  11.93384       0.00       0.00
20151014      LXC<AVG  1  12.98000    1992.33  -10975.12
20151203     BollShrt  1  11.84045       0.00       0.00
20160401        S-EOD  1   9.75500    4070.89   -6904.23
------------------------------
Sys Name : BBSysWFilter
Mkt Symb : S2
20020702      BollBuy  1 569.75000       0.00       0.00
20021001      LXC<AVG  1 590.25000     925.00     925.00
20030102      BollBuy  1 632.94876       0.00       0.00
20030110      LXC<AVG  1 607.25000   -1384.94    -459.94
20030227      BollBuy  1 633.23313       0.00       0.00
20030306      LXC<AVG  1 612.75000   -1124.16   -1584.09
20030402      BollBuy  1 635.93413       0.00       0.00
20030626      LXC<AVG  1 661.75000    1190.79    -393.30
20030707     BollShrt  1 647.64901       0.00       0.00
20030814      SXC>AVG  1 654.25000    -430.05    -823.35
20030826      BollBuy  1 700.54808       0.00       0.00
20031223      LXC<AVG  1 844.75000    7110.10    6286.75
20040112      BollBuy  1 910.00612       0.00       0.00
20040512      LXC<AVG  1 1069.00000    7849.69   14136.44
20041220      BollBuy  1 856.97384       0.00       0.00
20050104      LXC<AVG  1 824.25000   -1736.19   12400.25
20050203     BollShrt  1 802.45335       0.00       0.00
20050214      SXC>AVG  1 835.00000   -1727.33   10672.92
20050218      BollBuy  1 861.71198       0.00       0.00
20050512      LXC<AVG  1 915.75000    2601.90   13274.82
20050525      BollBuy  1 957.55762       0.00       0.00
20050630      LXC<AVG  1 940.25000    -965.38   12309.43
20050815     BollShrt  1 913.63093       0.00       0.00
20051103      SXC>AVG  1 863.25000    2419.05   14728.48
20051123     BollShrt  1 823.53401       0.00       0.00
20051212      SXC>AVG  1 845.50000   -1198.30   13530.18
20051219      BollBuy  1 869.61096       0.00       0.00
20060109      LXC<AVG  1 845.25000   -1318.05   12212.13
20060403     BollShrt  1 805.39402       0.00       0.00
20060428      SXC>AVG  1 826.25000   -1142.80   11069.33
20060626     BollShrt  1 793.56656       0.00       0.00
20060630      SXC>AVG  1 819.75000   -1409.17    9660.16
20060721     BollShrt  1 796.76413       0.00       0.00
20061009      SXC>AVG  1 771.75000    1150.71   10810.87
20061018      BollBuy  1 801.15411       0.00       0.00
20070109      LXC<AVG  1 834.00000    1542.29   12353.16
20070112      BollBuy  1 878.91360       0.00       0.00
20070409      LXC<AVG  1 902.50000    1079.32   13432.48
20070417     BollShrt  1 875.81373       0.00       0.00
20070514      SXC>AVG  1 906.75000   -1646.81   11785.67
20070524      BollBuy  1 944.26050       0.00       0.00
20070723      LXC<AVG  1 943.75000    -125.52   11660.14
20070816     BollShrt  1 914.83139       0.00       0.00
20070824      SXC>AVG  1 967.75000   -2745.93    8914.21
20070912      BollBuy  1 1032.88884       0.00       0.00
20080317      LXC<AVG  1 1350.00000   15755.56   24669.77
20100415      BollBuy  1 1172.19734       0.00       0.00
20100506      LXC<AVG  1 1136.50000   -1884.87   22784.91
20100525     BollShrt  1 1110.22444       0.00       0.00
20100621      SXC>AVG  1 1152.00000   -2188.78   20596.13
20100715      BollBuy  1 1190.60302       0.00       0.00
20110222      LXC<AVG  1 1488.25000   14782.35   35378.48
20110603      BollBuy  1 1585.41895       0.00       0.00
20110614     L-MMLoss  1 1525.41895   -3100.00   32278.48
20110623     BollShrt  1 1485.02412       0.00       0.00
20110712      SXC>AVG  1 1525.50000   -2123.79   30154.68
20110809     BollShrt  1 1469.70502       0.00       0.00
20110817     S-MMLoss  1 1534.00000   -3314.75   26839.93
20130517      BollBuy  1 1687.74358       0.00       0.00
20130705      LXC<AVG  1 1689.50000     -12.18   26827.76
20131210      BollBuy  1 1814.39588       0.00       0.00
20131231      LXC<AVG  1 1765.75000   -2532.29   24295.46
20140214      BollBuy  1 1823.06707       0.00       0.00
20140605      LXC<AVG  1 1959.75000    6734.15   31029.61
20140617     BollShrt  1 1909.99316       0.00       0.00
20141027      SXC>AVG  1 1698.75000   10462.16   41491.76
20150115     BollShrt  1 1666.53426       0.00       0.00
20150224      SXC>AVG  1 1694.00000   -1473.29   40018.48
20150409     BollShrt  1 1628.04060       0.00       0.00
20150429      SXC>AVG  1 1661.25000   -1760.47   38258.01
20150519     BollShrt  1 1615.56194       0.00       0.00
20150617      SXC>AVG  1 1642.25000   -1434.40   36823.61
20150623      BollBuy  1 1671.36532       0.00       0.00
20150727      LXC<AVG  1 1636.75000   -1830.77   34992.84
20151110     BollShrt  1 1561.41061       0.00       0.00
20151130      SXC>AVG  1 1585.00000   -1279.47   33713.37
20151207      BollBuy  1 1613.48125       0.00       0.00
20151208      LXC<AVG  1 1580.75000   -1736.56   31976.81
20160301     BollShrt  1 1557.45725       0.00       0.00
20160304      SXC>AVG  1 1578.50000   -1152.14   30824.67
20160311      BollBuy  1 1595.60890       0.00       0.00
20160401        L-EOD  1 1618.25000    1032.06   31856.72
------------------------------
Sys Name : BBSysWFilter
Mkt Symb : SB
20020711      BollBuy  1  14.52354       0.00       0.00
20030313      LXC<AVG  1  17.08000    2763.24    2763.24
20030505     BollShrt  1  16.49870       0.00       0.00
20030718      SXC>AVG  1  16.58000    -191.06    2572.18
20030729      BollBuy  1  16.95678       0.00       0.00
20030808      LXC<AVG  1  16.39000    -734.80    1837.38
20030904     BollShrt  1  15.73839       0.00       0.00
20031113      SXC>AVG  1  15.93000    -314.60    1522.79
20031203      BollBuy  1  16.06621       0.00       0.00
20031219      LXC<AVG  1  15.69000    -521.35    1001.43
20031231     BollShrt  1  15.27256       0.00       0.00
20040301      SXC>AVG  1  15.56000    -421.93     579.50
20040312      BollBuy  1  16.07329       0.00       0.00
20040326      LXC<AVG  1  15.41000    -842.88    -263.38
20040602      BollBuy  1  16.33931       0.00       0.00
20040610      LXC<AVG  1  15.75000    -760.03   -1023.41
20040702      BollBuy  1  16.36351       0.00       0.00
20040816      LXC<AVG  1  16.07000    -428.73   -1452.15
20040920     BollShrt  1  15.90725       0.00       0.00
20040927      SXC>AVG  1  16.61000    -887.08   -2339.23
20041012      BollBuy  1  16.90606       0.00       0.00
20041025      LXC<AVG  1  16.31000    -767.59   -3106.82
20050126      BollBuy  1  16.71032       0.00       0.00
20050216      LXC<AVG  1  16.46000    -380.36   -3487.18
20050304     BollShrt  1  16.07342       0.00       0.00
20050314      SXC>AVG  1  16.45000    -521.78   -4008.96
20050321     BollShrt  1  16.06729       0.00       0.00
20050525      SXC>AVG  1  15.81000     188.16   -3820.80
20050620      BollBuy  1  16.06920       0.00       0.00
20060309      LXC<AVG  1  22.56000    7169.69    3348.89
20060518     BollShrt  1  22.37314       0.00       0.00
20060705      SXC>AVG  1  22.58000    -331.68    3017.22
20060803     BollShrt  1  19.89079       0.00       0.00
20061109      SXC>AVG  1  16.85000    3305.68    6322.90
20070105     BollShrt  1  15.69353       0.00       0.00
20070302      SXC>AVG  1  15.91000    -342.44    5980.45
20070329     BollShrt  1  14.59953       0.00       0.00
20070621      SXC>AVG  1  14.06000     504.27    6484.72
20070713      BollBuy  1  14.48396       0.00       0.00
20070810      LXC<AVG  1  14.00000    -642.04    5842.69
20071026      BollBuy  1  14.54301       0.00       0.00
20071113      LXC<AVG  1  14.06000    -640.98    5201.71
20071211      BollBuy  1  14.43532       0.00       0.00
20080317      LXC<AVG  1  15.72000    1338.84    6540.56
20080501     BollShrt  1  14.36049       0.00       0.00
20080620      SXC>AVG  1  14.64000    -413.05    6127.51
20080801      BollBuy  1  15.83631       0.00       0.00
20080829      LXC<AVG  1  14.32000   -1798.27    4329.24
20080911     BollShrt  1  13.47456       0.00       0.00
20081231      SXC>AVG  1  11.67000    1921.11    6250.35
20090106      BollBuy  1  12.27066       0.00       0.00
20090112      LXC<AVG  1  11.33000   -1153.54    5096.81
20090120      BollBuy  1  12.37811       0.00       0.00
20090309      LXC<AVG  1  12.00000    -523.48    4573.33
20090430      BollBuy  1  13.38080       0.00       0.00
20091008      LXC<AVG  1  19.09000    6294.31   10867.64
20091127     BollShrt  1  18.05005       0.00       0.00
20091210      SXC>AVG  1  19.81000   -2071.15    8796.49
20091214      BollBuy  1  21.20417       0.00       0.00
20100217      LXC<AVG  1  22.67000    1541.73   10338.22
20100709      BollBuy  1  14.49792       0.00       0.00
20110214      LXC<AVG  1  29.33000   16511.93   26850.15
20110315     BollShrt  1  28.08009       0.00       0.00
20110603      SXC>AVG  1  26.15000    2061.70   28911.85
20110922     BollShrt  1  29.62482       0.00       0.00
20111014      SXC>AVG  1  32.24000   -3029.01   25882.85
20120221      BollBuy  1  29.33709       0.00       0.00
20120410      LXC<AVG  1  29.04000    -432.74   25450.10
20120418     BollShrt  1  27.73888       0.00       0.00
20120619      SXC>AVG  1  27.28000     413.95   25864.05
20120705      BollBuy  1  28.80919       0.00       0.00
20120809      LXC<AVG  1  27.29000   -1801.50   24062.55
20121107     BollShrt  1  24.82263       0.00       0.00
20130102      SXC>AVG  1  25.45000    -802.66   23259.89
20130109     BollShrt  1  24.34129       0.00       0.00
20130307      SXC>AVG  1  24.56000    -344.96   22914.94
20130328     BollShrt  1  23.39648       0.00       0.00
20130729      SXC>AVG  1  22.56000     836.85   23751.79
20130924      BollBuy  1  23.01170       0.00       0.00
20131111      LXC<AVG  1  23.04000     -68.30   23683.49
20131203     BollShrt  1  21.94865       0.00       0.00
20140218      SXC>AVG  1  21.23000     704.89   24388.37
20140224      BollBuy  1  22.35533       0.00       0.00
20140411      LXC<AVG  1  21.48000   -1080.37   23308.01
20140605     BollShrt  1  20.78026       0.00       0.00
20140619      SXC>AVG  1  21.78000   -1219.71   22088.30
20140707     BollShrt  1  20.61436       0.00       0.00
20150120      SXC>AVG  1  16.76000    4216.88   26305.18
20150202     BollShrt  1  15.15837       0.00       0.00
20150217      SXC>AVG  1  16.02000   -1065.03   25240.16
20150224     BollShrt  1  14.99479       0.00       0.00
20150427      SXC>AVG  1  14.48000     476.56   25716.72
20150527     BollShrt  1  13.05739       0.00       0.00
20150909      SXC>AVG  1  12.18000     882.68   26599.40
20151001      BollBuy  1  13.13107       0.00       0.00
20160105      LXC<AVG  1  14.54000    1478.00   28077.39
20160112     BollShrt  1  13.98499       0.00       0.00
20160114      SXC>AVG  1  14.85000   -1068.82   27008.58
20160125     BollShrt  1  14.05681       0.00       0.00
20160229      SXC>AVG  1  14.36000    -439.57   26569.00
20160317      BollBuy  1  15.82102       0.00       0.00
20160401        L-EOD  1  15.18000    -817.94   25751.06
------------------------------
Sys Name : BBSysWFilter
Mkt Symb : SF
20020917     BollShrt  1   0.81463       0.00       0.00
20020930      SXC>AVG  1   0.83640   -2821.34   -2821.34
20021101      BollBuy  1   0.83786       0.00       0.00
20021125      LXC<AVG  1   0.83010   -1070.27   -3891.61
20021213      BollBuy  1   0.84985       0.00       0.00
20030317      LXC<AVG  1   0.88070    3755.92    -135.70
20030407     BollShrt  1   0.87065       0.00       0.00
20030424      SXC>AVG  1   0.88980   -2494.09   -2629.78
20030506      BollBuy  1   0.90867       0.00       0.00
20030626      LXC<AVG  1   0.89500   -1808.14   -4437.92
20030929      BollBuy  1   0.90456       0.00       0.00
20031103      LXC<AVG  1   0.88680   -2319.62   -6757.54
20040302     BollShrt  1   0.93101       0.00       0.00
20040505      SXC>AVG  1   0.93220    -248.27   -7005.81
20040527      BollBuy  1   0.94185       0.00       0.00
20040723      LXC<AVG  1   0.93450   -1018.69   -8024.51
20040827     BollShrt  1   0.92354       0.00       0.00
20040930      SXC>AVG  1   0.94490   -2770.52  -10795.03
20041015      BollBuy  1   0.94978       0.00       0.00
20050106      LXC<AVG  1   0.98970    4889.43   -5905.59
20050901      BollBuy  1   0.93145       0.00       0.00
20050915      LXC<AVG  1   0.91420   -2256.51   -8162.10
20051003     BollShrt  1   0.89072       0.00       0.00
20051214      SXC>AVG  1   0.89970   -1222.88   -9384.98
20060123      BollBuy  1   0.90890       0.00       0.00
20060203     L-MMLoss  1   0.88490   -3100.00  -12484.98
20060424      BollBuy  1   0.89805       0.00       0.00
20060622      LXC<AVG  1   0.90840    1194.35  -11290.63
20060719     BollShrt  1   0.89751       0.00       0.00
20060821      SXC>AVG  1   0.91610   -2423.13  -13713.75
20060907     BollShrt  1   0.90077       0.00       0.00
20061110      SXC>AVG  1   0.89780     270.94  -13442.81
20061124      BollBuy  1   0.91123       0.00       0.00
20070104      LXC<AVG  1   0.89840   -1703.96  -15146.77
20070316      BollBuy  1   0.91262       0.00       0.00
20070503      LXC<AVG  1   0.90110   -1540.06  -16686.84
20070517     BollShrt  1   0.89408       0.00       0.00
20070702      SXC>AVG  1   0.90100    -965.29  -17652.13
20070803      BollBuy  1   0.91099       0.00       0.00
20070815      LXC<AVG  1   0.89250   -2410.86  -20062.99
20070912      BollBuy  1   0.91634       0.00       0.00
20071214      LXC<AVG  1   0.93110    1744.39  -18318.60
20080806     BollShrt  1   1.00292       0.00       0.00
20081216      SXC>AVG  1   0.94460    7189.64  -11128.97
20090821      BollBuy  1   0.99736       0.00       0.00
20091208      LXC<AVG  1   1.02350    3168.09   -7960.88
20091215     BollShrt  1   1.01176       0.00       0.00
20100111      SXC>AVG  1   1.03560   -3079.98  -11040.85
20100423     BollShrt  1   0.97292       0.00       0.00
20100623      SXC>AVG  1   0.95610    2002.85   -9038.01
20120507     BollShrt  1   1.11120       0.00       0.00
20120821      SXC>AVG  1   1.06700    5424.85   -3613.16
20121212      BollBuy  1   1.11256       0.00       0.00
20130115      LXC<AVG  1   1.09930   -1757.13   -5370.29
20130301     BollShrt  1   1.09157       0.00       0.00
20130409      SXC>AVG  1   1.09900   -1029.05   -6399.34
20130510     BollShrt  1   1.07128       0.00       0.00
20130605      SXC>AVG  1   1.08660   -2014.69   -8414.03
20131206      BollBuy  1   1.14440       0.00       0.00
20140103      LXC<AVG  1   1.12800   -2150.50  -10564.53
20140228      BollBuy  1   1.15625       0.00       0.00
20140404      LXC<AVG  1   1.14300   -1756.83  -12321.37
20140508      BollBuy  1   1.16959       0.00       0.00
20140509      LXC<AVG  1   1.14860   -2723.78  -15045.14
20140515     BollShrt  1   1.14188       0.00       0.00
20140630      SXC>AVG  1   1.14910   -1003.04  -16048.19
20140729     BollShrt  1   1.12330       0.00       0.00
20150115     S-MMLoss  1   1.16670   -5524.94  -21573.12
20160317      BollBuy  1   1.03334       0.00       0.00
20160401        L-EOD  1   1.04620    1507.22  -20065.90
------------------------------
Sys Name : BBSysWFilter
Mkt Symb : SI
20020731     BollShrt  1 858.43460       0.00       0.00
20021029      SXC>AVG  1 848.70000     386.73     386.73
20021212      BollBuy  1 867.45360       0.00       0.00
20030206      LXC<AVG  1 864.00000    -272.68     114.05
20030313     BollShrt  1 846.39763       0.00       0.00
20030422      SXC>AVG  1 854.30000    -495.12    -381.07
20030502      BollBuy  1 872.20463       0.00       0.00
20030529      LXC<AVG  1 850.40000   -1190.23   -1571.30
20030710      BollBuy  1 879.72685       0.00       0.00
20030715      LXC<AVG  1 857.40000   -1216.34   -2787.64
20030723      BollBuy  1 882.29527       0.00       0.00
20031003      LXC<AVG  1 872.60000    -584.76   -3372.41
20031113      BollBuy  1 924.98417       0.00       0.00
20040420      LXC<AVG  1 1078.70000    7585.79    4213.38
20040716      BollBuy  1 1045.20000       0.00       0.00
20040907      LXC<AVG  1 999.50000   -2385.00    1828.38
20041001      BollBuy  1 1075.63640       0.00       0.00
20041208      LXC<AVG  1 1085.00000     368.18    2196.56
20050601      BollBuy  1 1119.48341       0.00       0.00
20050628      LXC<AVG  1 1071.40000   -2504.17    -307.61
20050701     BollShrt  1 1046.08891       0.00       0.00
20050728      SXC>AVG  1 1077.40000   -1665.55   -1973.16
20050825     BollShrt  1 1037.27259       0.00       0.00
20050916      SXC>AVG  1 1079.80000   -2226.37   -4199.53
20050919      BollBuy  1 1090.38676       0.00       0.00
20060601      LXC<AVG  1 1509.80000   20870.66   16671.13
20160203      BollBuy  1 1467.63049       0.00       0.00
20160401        L-EOD  1 1504.60000    1748.48   18419.61
------------------------------
Sys Name : BBSysWFilter
Mkt Symb : SM
20020702      BollBuy  1 447.90000       0.00       0.00
20020930      LXC<AVG  1 454.30000     540.00     540.00
20030106      BollBuy  1 454.96911       0.00       0.00
20030110      LXC<AVG  1 444.60000   -1136.91    -596.91
20030113     BollShrt  1 442.63807       0.00       0.00
20030122      SXC>AVG  1 449.00000    -736.19   -1333.10
20030211      BollBuy  1 454.34677       0.00       0.00
20030324      LXC<AVG  1 450.50000    -484.68   -1817.78
20030414      BollBuy  1 461.77466       0.00       0.00
20030701      LXC<AVG  1 471.60000     882.53    -935.25
20030716     BollShrt  1 464.84588       0.00       0.00
20030815      SXC>AVG  1 468.70000    -485.41   -1420.66
20030825      BollBuy  1 484.17105       0.00       0.00
20031223      LXC<AVG  1 521.70000    3652.89    2232.24
20040113      BollBuy  1 552.03838       0.00       0.00
20040514      LXC<AVG  1 598.40000    4536.16    6768.40
20041014     BollShrt  1 508.31625       0.00       0.00
20041123      SXC>AVG  1 518.20000   -1088.37    5680.02
20041214      BollBuy  1 520.69995       0.00       0.00
20041217      LXC<AVG  1 511.60000   -1010.00    4670.03
20050110      BollBuy  1 518.83231       0.00       0.00
20050114      LXC<AVG  1 507.50000   -1233.23    3436.80
20050204     BollShrt  1 503.35964       0.00       0.00
20050214      SXC>AVG  1 513.90000   -1154.04    2282.76
20050217      BollBuy  1 519.93066       0.00       0.00
20050729      LXC<AVG  1 563.10000    4216.93    6499.70
20050815     BollShrt  1 549.10372       0.00       0.00
20051111      SXC>AVG  1 532.40000    1570.37    8070.07
20051209      BollBuy  1 530.56041       0.00       0.00
20060111      LXC<AVG  1 531.00000     -56.04    8014.03
20060410     BollShrt  1 516.63277       0.00       0.00
20060501      SXC>AVG  1 525.70000   -1006.72    7007.30
20060517      BollBuy  1 527.89377       0.00       0.00
20060518      LXC<AVG  1 522.00000    -689.38    6317.93
20060602      BollBuy  1 526.88197       0.00       0.00
20060626      LXC<AVG  1 518.60000    -928.20    5389.73
20060710     BollShrt  1 516.12010       0.00       0.00
20061004      SXC>AVG  1 506.80000     832.01    6221.74
20061012      BollBuy  1 512.20122       0.00       0.00
20061218      LXC<AVG  1 522.10000     889.88    7111.62
20070112      BollBuy  1 538.71239       0.00       0.00
20070326      LXC<AVG  1 543.30000     358.76    7470.38
20070410     BollShrt  1 532.75598       0.00       0.00
20070523      SXC>AVG  1 540.60000    -884.40    6585.98
20070611      BollBuy  1 554.69848       0.00       0.00
20070723      LXC<AVG  1 535.10000   -2059.85    4526.13
20070904      BollBuy  1 568.02575       0.00       0.00
20080307      LXC<AVG  1 643.50000    7447.43   11973.56
20080317     BollShrt  1 624.31756       0.00       0.00
20080326      SXC>AVG  1 648.70000   -2538.24    9435.31
20080604      BollBuy  1 652.47284       0.00       0.00
20080804      LXC<AVG  1 658.90000     542.72    9978.03
20081224      BollBuy  1 598.97084       0.00       0.00
20090217      LXC<AVG  1 598.50000    -147.08    9830.94
20091103      BollBuy  1 746.13534       0.00       0.00
20091106      LXC<AVG  1 722.80000   -2433.53    7397.41
20091113      BollBuy  1 743.89122       0.00       0.00
20100111      LXC<AVG  1 742.50000    -239.12    7158.29
20100129     BollShrt  1 722.87898       0.00       0.00
20100329      SXC>AVG  1 729.30000    -742.10    6416.19
20100416      BollBuy  1 735.76130       0.00       0.00
20100519      LXC<AVG  1 726.00000   -1076.13    5340.06
20100707      BollBuy  1 749.70672       0.00       0.00
20101001      LXC<AVG  1 767.60000    1689.33    7029.38
20101008      BollBuy  1 791.18906       0.00       0.00
20110216      LXC<AVG  1 835.60000    4341.09   11370.48
20110311     BollShrt  1 815.22647       0.00       0.00
20110518      SXC>AVG  1 822.60000    -837.35   10533.12
20110608      BollBuy  1 835.24051       0.00       0.00
20110614      LXC<AVG  1 820.30000   -1594.05    8939.07
20110623     BollShrt  1 804.12394       0.00       0.00
20110711      SXC>AVG  1 816.60000   -1347.61    7591.47
20110719      BollBuy  1 836.22109       0.00       0.00
20110805      LXC<AVG  1 817.40000   -1982.11    5609.36
20110823      BollBuy  1 840.97066       0.00       0.00
20110915      LXC<AVG  1 818.90000   -2307.07    3302.29
20110922     BollShrt  1 799.07725       0.00       0.00
20111227      SXC>AVG  1 771.30000    2677.72    5980.02
20120206      BollBuy  1 790.34684       0.00       0.00
20120531      LXC<AVG  1 848.20000    5685.32   11665.33
20120703      BollBuy  1 895.56050       0.00       0.00
20120920      LXC<AVG  1 950.50000    5393.95   17059.28
20130401     BollShrt  1 874.16525       0.00       0.00
20130429      SXC>AVG  1 899.70000   -2653.47   14405.81
20130520      BollBuy  1 917.38451       0.00       0.00
20130705      LXC<AVG  1 908.20000   -1018.45   13387.36
20130806     BollShrt  1 897.53744       0.00       0.00
20130814     S-MMLoss  1 929.40000   -3286.26   10101.10
20130819      BollBuy  1 949.92031       0.00       0.00
20131031      LXC<AVG  1 953.90000     297.97   10399.07
20131127      BollBuy  1 989.08423       0.00       0.00
20140102      LXC<AVG  1 972.10000   -1798.42    8600.65
20140204      BollBuy  1 1008.86811       0.00       0.00
20140612      LXC<AVG  1 1061.10000    5123.19   13723.84
20140617     BollShrt  1 1043.64473       0.00       0.00
20141016      SXC>AVG  1 990.70000    5194.47   18918.31
20150116     BollShrt  1 1005.70000       0.00       0.00
20150219      SXC>AVG  1 1026.50000   -2180.00   16738.31
20150409     BollShrt  1 1000.40319       0.00       0.00
20150609      SXC>AVG  1 1004.20000    -479.68   16258.63
20150618      BollBuy  1 1015.58383       0.00       0.00
20150812      LXC<AVG  1 1015.20000    -138.38   16120.24
20151105     BollShrt  1 1002.07046       0.00       0.00
20160304      SXC>AVG  1 970.90000    3017.05   19137.29
------------------------------
Sys Name : BBSysWFilter
Mkt Symb : SP
------------------------------
Sys Name : BBSysWFilter
Mkt Symb : TU.csv
20020626      BollBuy  1  90.91410       0.00       0.00
20021021      LXC<AVG  1  92.77340      85.93      85.93
20021029      BollBuy  1  93.75173       0.00       0.00
20021121      LXC<AVG  1  93.17190    -157.98     -72.05
20021219      BollBuy  1  94.00260       0.00       0.00
20030318      LXC<AVG  1  94.46880     -53.38    -125.43
20030501      BollBuy  1  95.23424       0.00       0.00
20030715      LXC<AVG  1  95.46880     -76.54    -201.98
20030729     BollShrt  1  95.08015       0.00       0.00
20030905      SXC>AVG  1  95.33590    -125.57    -327.55
20030930      BollBuy  1  95.94852       0.00       0.00
20031016      LXC<AVG  1  95.08590    -186.26    -513.81
20031212      BollBuy  1  95.97614       0.00       0.00
20040402      LXC<AVG  1  96.49220     -48.39    -562.21
20040414     BollShrt  1  95.99740       0.00       0.00
20040701      SXC>AVG  1  95.72660     -72.92    -635.13
20040806      BollBuy  1  96.14500       0.00       0.00
20041006      LXC<AVG  1  96.25000     -89.50    -724.63
20041105     BollShrt  1  96.23627       0.00       0.00
20050414      SXC>AVG  1  95.46090     -22.46    -747.09
20050518      BollBuy  1  95.73838       0.00       0.00
20050701      LXC<AVG  1  95.44530    -129.31    -876.40
20050711     BollShrt  1  95.29770       0.00       0.00
20050831      SXC>AVG  1  95.42970    -113.20    -989.60
20051003     BollShrt  1  94.78109       0.00       0.00
20051227      SXC>AVG  1  94.64840     -86.73   -1076.33
20060201     BollShrt  1  94.31317       0.00       0.00
20060720      SXC>AVG  1  93.49220     -17.90   -1094.23
20060922      BollBuy  1  94.08253       0.00       0.00
20061011      LXC<AVG  1  93.67190    -141.06   -1235.30
20061201      BollBuy  1  94.13009       0.00       0.00
20061213      LXC<AVG  1  93.82030    -130.98   -1366.28
20061228     BollShrt  1  93.52397       0.00       0.00
20070227      SXC>AVG  1  93.85160    -132.76   -1499.04
20070305      BollBuy  1  94.06969       0.00       0.00
20070406      LXC<AVG  1  93.47660    -159.31   -1658.35
20070517     BollShrt  1  93.35490       0.00       0.00
20070720      SXC>AVG  1  93.23440     -87.95   -1746.30
20070726      BollBuy  1  93.62676       0.00       0.00
20080407      LXC<AVG  1  98.10160     347.48   -1398.81
20080418     BollShrt  1  97.50088       0.00       0.00
20080630      SXC>AVG  1  97.41410     -91.32   -1490.13
20080715      BollBuy  1  98.03302       0.00       0.00
20080723      LXC<AVG  1  97.20310    -182.99   -1673.13
20080819      BollBuy  1  98.32005       0.00       0.00
20090225      LXC<AVG  1 101.58590     226.58   -1446.54
20090318      BollBuy  1 102.20162       0.00       0.00
20090605      LXC<AVG  1 101.57030    -163.13   -1609.67
20090605     BollShrt  1 101.87473       0.00       0.00
20090625      SXC>AVG  1 102.11720    -124.25   -1733.92
20090901      BollBuy  1 102.98743       0.00       0.00
20091224      LXC<AVG  1 103.60160     -38.58   -1772.50
20100204      BollBuy  1 104.32671       0.00       0.00
20100324      LXC<AVG  1 104.05470    -127.20   -1899.71
20100419      BollBuy  1 104.47757       0.00       0.00
20100423      LXC<AVG  1 104.18750    -129.01   -2028.71
20100428      BollBuy  1 104.49453       0.00       0.00
20100909      LXC<AVG  1 105.52340       2.89   -2025.83
20100921      BollBuy  1 105.82311       0.00       0.00
20101111      LXC<AVG  1 105.82030    -100.28   -2126.11
20101208     BollShrt  1 105.67995       0.00       0.00
20110119      SXC>AVG  1 105.79690    -111.69   -2237.80
20110207     BollShrt  1 105.41171       0.00       0.00
20110223      SXC>AVG  1 105.63280    -122.11   -2359.91
20110311      BollBuy  1 105.94227       0.00       0.00
20110325      LXC<AVG  1 105.69530    -124.70   -2484.61
20110428      BollBuy  1 106.16135       0.00       0.00
20110929      LXC<AVG  1 107.10160      -5.98   -2490.58
20120117      BollBuy  1 107.30381       0.00       0.00
20120209      LXC<AVG  1 107.21880    -108.50   -2599.08
20120309     BollShrt  1 107.10468       0.00       0.00
20120410      SXC>AVG  1 107.22660    -112.19   -2711.28
20120703     BollShrt  1 107.17851       0.00       0.00
20120706      SXC>AVG  1 107.27340    -109.49   -2820.76
20120713      BollBuy  1 107.35352       0.00       0.00
20120808      LXC<AVG  1 107.28130    -107.22   -2927.99
20121017     BollShrt  1 107.22379       0.00       0.00
20121107      SXC>AVG  1 107.28910    -106.53   -3034.52
20121217      BollBuy  1 107.37433       0.00       0.00
20121218      LXC<AVG  1 107.27340    -110.09   -3144.61
20130125     BollShrt  1 107.23541       0.00       0.00
20130204      SXC>AVG  1 107.30470    -106.93   -3251.54
20130226      BollBuy  1 107.35474       0.00       0.00
20130307      LXC<AVG  1 107.30470    -105.00   -3356.54
20130403      BollBuy  1 107.35928       0.00       0.00
20130517      LXC<AVG  1 107.35160    -100.77   -3457.31
20130528     BollShrt  1 107.27903       0.00       0.00
20130614      SXC>AVG  1 107.35940    -108.04   -3565.35
20130620     BollShrt  1 107.25055       0.00       0.00
20130717      SXC>AVG  1 107.32030    -106.98   -3672.32
20130904     BollShrt  1 107.10046       0.00       0.00
20130916      SXC>AVG  1 107.25780    -115.73   -3788.06
20130918      BollBuy  1 107.43069       0.00       0.00
20131212      LXC<AVG  1 107.55470     -87.60   -3875.66
20131220     BollShrt  1 107.45582       0.00       0.00
20140129      SXC>AVG  1 107.61720    -116.14   -3991.79
20140303      BollBuy  1 107.77513       0.00       0.00
20140319      LXC<AVG  1 107.50000    -127.51   -4119.31
20140514      BollBuy  1 107.82873       0.00       0.00
20140613      LXC<AVG  1 107.70310    -112.56   -4231.87
20140730     BollShrt  1 107.61413       0.00       0.00
20140801      SXC>AVG  1 107.84380    -122.97   -4354.84
20140808      BollBuy  1 107.92874       0.00       0.00
20140909      LXC<AVG  1 107.76560    -116.31   -4471.15
20141001      BollBuy  1 107.93993       0.00       0.00
20141205      LXC<AVG  1 108.01560     -92.43   -4563.58
20150113      BollBuy  1 108.40493       0.00       0.00
20150217      LXC<AVG  1 108.27340    -113.15   -4676.74
20150318      BollBuy  1 108.72721       0.00       0.00
20150603      LXC<AVG  1 108.73440     -99.28   -4776.02
20150611     BollShrt  1 108.60844       0.00       0.00
20150617      SXC>AVG  1 108.82810    -121.97   -4897.98
20150629      BollBuy  1 108.99233       0.00       0.00
20150807      LXC<AVG  1 108.88280    -110.95   -5008.93
20150812      BollBuy  1 109.12953       0.00       0.00
20150915      LXC<AVG  1 108.89060    -123.89   -5132.83
20150923      BollBuy  1 109.17819       0.00       0.00
20151029      LXC<AVG  1 109.08590    -109.23   -5242.06
20151106     BollShrt  1 108.83163       0.00       0.00
20160111      SXC>AVG  1 108.88280    -105.12   -5347.17
20160120      BollBuy  1 109.19814       0.00       0.00
20160304      LXC<AVG  1 109.03130    -116.68   -5463.86
------------------------------
Sys Name : BBSysWFilter
Mkt Symb : TY
20021202     BollShrt  1 103.12849       0.00       0.00
20021209      SXC>AVG  1 105.39100   -2362.51   -2362.51
20021227      BollBuy  1 107.69684       0.00       0.00
20030109      LXC<AVG  1 105.39100   -2405.84   -4768.35
20030213      BollBuy  1 108.35159       0.00       0.00
20030320      LXC<AVG  1 107.48400    -967.59   -5735.94
20030507      BollBuy  1 110.39641       0.00       0.00
20030707      LXC<AVG  1 111.06300     566.59   -5169.35
20040109      BollBuy  1 111.30712       0.00       0.00
20040402      LXC<AVG  1 112.39100     983.88   -4185.47
20040702      BollBuy  1 111.78024       0.00       0.00
20041105      LXC<AVG  1 114.54700    2666.76   -1518.71
20041129     BollShrt  1 113.66901       0.00       0.00
20041208      SXC>AVG  1 115.23400   -1664.99   -3183.71
20050107     BollShrt  1 113.58064       0.00       0.00
20050113      SXC>AVG  1 114.82800   -1347.36   -4531.06
20050204      BollBuy  1 115.55334       0.00       0.00
20050218      LXC<AVG  1 114.31300   -1340.34   -5871.40
20050228     BollShrt  1 113.71050       0.00       0.00
20050412      SXC>AVG  1 114.04700    -436.50   -6307.90
20050518      BollBuy  1 116.22896       0.00       0.00
20050705      LXC<AVG  1 115.56300    -765.96   -7073.86
20050721     BollShrt  1 114.48543       0.00       0.00
20050830      SXC>AVG  1 115.85900   -1473.57   -8547.43
20051013     BollShrt  1 113.23839       0.00       0.00
20051214      SXC>AVG  1 113.40600    -267.61   -8815.03
20051230      BollBuy  1 114.28224       0.00       0.00
20060126      LXC<AVG  1 113.00000   -1382.24  -10197.28
20060210     BollShrt  1 112.20658       0.00       0.00
20060602      SXC>AVG  1 110.54700    1559.58   -8637.69
20060622     BollShrt  1 109.13838       0.00       0.00
20060713      SXC>AVG  1 109.98400    -945.62   -9583.31
20060728      BollBuy  1 110.76267       0.00       0.00
20061013      LXC<AVG  1 111.62500     762.33   -8820.98
20061101      BollBuy  1 113.26733       0.00       0.00
20061222      LXC<AVG  1 112.82800    -539.33   -9360.31
20070118     BollShrt  1 111.51697       0.00       0.00
20070226      SXC>AVG  1 112.65600   -1239.03  -10599.34
20070305      BollBuy  1 113.92549       0.00       0.00
20070406      LXC<AVG  1 112.03100   -1994.49  -12593.83
20070518     BollShrt  1 111.90438       0.00       0.00
20070720      SXC>AVG  1 110.89100     913.38  -11680.45
20070815      BollBuy  1 112.77031       0.00       0.00
20080416      LXC<AVG  1 123.81300   10942.69    -737.76
20080709      BollBuy  1 124.49903       0.00       0.00
20080722      LXC<AVG  1 122.23400   -2365.03   -3102.79
20080815      BollBuy  1 124.96517       0.00       0.00
20080925      LXC<AVG  1 124.29700    -768.17   -3870.96
20090522     BollShrt  1 132.96317       0.00       0.00
20090708      SXC>AVG  1 133.79700    -933.83   -4804.79
20090902      BollBuy  1 134.34714       0.00       0.00
20091026      LXC<AVG  1 133.57800    -869.14   -5673.94
20091116      BollBuy  1 136.10709       0.00       0.00
20091215      LXC<AVG  1 134.87500   -1332.09   -7006.03
20091224     BollShrt  1 133.55153       0.00       0.00
20100120      SXC>AVG  1 135.14100   -1689.47   -8695.51
20100405     BollShrt  1 134.05438       0.00       0.00
20100413      SXC>AVG  1 135.73400   -1779.62  -10475.13
20100427      BollBuy  1 136.96382       0.00       0.00
20101027      LXC<AVG  1 146.04700    8983.18   -1491.95
20101104      BollBuy  1 148.53571       0.00       0.00
20101115     L-MMLoss  1 145.53571   -3100.00   -4591.95
20101201     BollShrt  1 144.35049       0.00       0.00
20110225      SXC>AVG  1 141.93800    2312.49   -2279.47
20110311      BollBuy  1 143.21533       0.00       0.00
20110329      LXC<AVG  1 141.82800   -1487.33   -3766.80
20110428      BollBuy  1 144.20241       0.00       0.00
20111010      LXC<AVG  1 153.07800    8775.59    5008.79
20111216      BollBuy  1 157.57274       0.00       0.00
20120221      LXC<AVG  1 156.93800    -734.74    4274.05
20120314     BollShrt  1 156.27640       0.00       0.00
20120406      SXC>AVG  1 157.65600   -1479.60    2794.45
20120507      BollBuy  1 159.63169       0.00       0.00
20120807      LXC<AVG  1 161.15600    1424.31    4218.76
20120815     BollShrt  1 160.06645       0.00       0.00
20120828      SXC>AVG  1 161.53100   -1564.55    2654.21
20121109      BollBuy  1 162.61856       0.00       0.00
20121213      LXC<AVG  1 161.82800    -890.56    1763.65
20130104     BollShrt  1 160.52500       0.00       0.00
20130225      SXC>AVG  1 161.59400   -1169.00     594.64
20130327      BollBuy  1 162.14274       0.00       0.00
20130513      LXC<AVG  1 162.21900     -23.74     570.91
20130528     BollShrt  1 160.56296       0.00       0.00
20130918      SXC>AVG  1 157.95300    2509.96    3080.86
20131018      BollBuy  1 159.65522       0.00       0.00
20131202      LXC<AVG  1 158.50000   -1255.22    1825.64
20131218     BollShrt  1 157.64688       0.00       0.00
20140123      SXC>AVG  1 158.42200    -875.12     950.53
20140203      BollBuy  1 159.85709       0.00       0.00
20140320      LXC<AVG  1 158.60900   -1348.09    -397.56
20140414      BollBuy  1 160.28284       0.00       0.00
20140417      LXC<AVG  1 158.96900   -1413.84   -1811.40
20140508      BollBuy  1 160.24488       0.00       0.00
20140617      LXC<AVG  1 159.89100    -453.88   -2265.28
20140806      BollBuy  1 161.78038       0.00       0.00
20140909      LXC<AVG  1 161.25000    -630.38   -2895.66
20140918     BollShrt  1 160.22610       0.00       0.00
20141001      SXC>AVG  1 162.10900   -1982.90   -4878.55
20141007      BollBuy  1 162.60934       0.00       0.00
20141223      LXC<AVG  1 163.20300     493.66   -4384.89
20150105      BollBuy  1 164.77905       0.00       0.00
20150217      LXC<AVG  1 164.45300    -426.05   -4810.94
20150603     BollShrt  1 164.28091       0.00       0.00
20150707      SXC>AVG  1 165.57800   -1397.09   -6208.02
20150803      BollBuy  1 166.18402       0.00       0.00
20151029      LXC<AVG  1 166.64100     356.98   -5851.04
20151106     BollShrt  1 165.39141       0.00       0.00
20151211      SXC>AVG  1 166.76600   -1474.59   -7325.63
20160113      BollBuy  1 167.85882       0.00       0.00
20160311      LXC<AVG  1 168.34400     385.18   -6940.45
------------------------------
Sys Name : BBSysWFilter
Mkt Symb : US
20020626      BollBuy  1  99.87500       0.00       0.00
20021016      LXC<AVG  1 106.71880    6743.80    6743.80
20030124      BollBuy  1 110.85703       0.00       0.00
20030320      LXC<AVG  1 110.21880    -738.23    6005.57
20030507      BollBuy  1 114.97375       0.00       0.00
20030703      LXC<AVG  1 116.75000    1676.25    7681.82
20031218      BollBuy  1 114.31860       0.00       0.00
20040102     L-MMLoss  1 111.31860   -3100.00    4581.82
20040708      BollBuy  1 114.48364       0.00       0.00
20041110      LXC<AVG  1 119.15630    4572.66    9154.48
20041203     BollShrt  1 118.03130       0.00       0.00
20041207      SXC>AVG  1 120.28130   -2350.00    6804.48
20041215      BollBuy  1 122.34124       0.00       0.00
20041227      LXC<AVG  1 119.90630   -2534.94    4269.55
20050107      BollBuy  1 122.36818       0.00       0.00
20050228      LXC<AVG  1 121.68750    -780.68    3488.86
20050805     BollShrt  1 123.69578       0.00       0.00
20050825      SXC>AVG  1 126.37500   -2779.22     709.64
20051003     BollShrt  1 123.36983       0.00       0.00
20051214      SXC>AVG  1 122.84380     426.03    1135.67
20051227      BollBuy  1 124.42570       0.00       0.00
20060126      LXC<AVG  1 122.62500   -1900.70    -765.03
20060303     BollShrt  1 121.34644       0.00       0.00
20060608      SXC>AVG  1 118.00000    3246.44    2481.41
20060720      BollBuy  1 118.21659       0.00       0.00
20061023      LXC<AVG  1 119.90630    1589.71    4071.12
20061101      BollBuy  1 122.85672       0.00       0.00
20061222      LXC<AVG  1 121.96880    -987.92    3083.21
20070118     BollShrt  1 120.09427       0.00       0.00
20070226      SXC>AVG  1 121.96880   -1974.53    1108.67
20070518     BollShrt  1 119.81447       0.00       0.00
20070725      SXC>AVG  1 118.75000     964.47    2073.14
20070816      BollBuy  1 120.76692       0.00       0.00
20071012      LXC<AVG  1 120.46880    -398.12    1675.02
20071019      BollBuy  1 123.56171       0.00       0.00
20071226      LXC<AVG  1 123.62500     -36.71    1638.32
20080528     BollShrt  1 125.97221       0.00       0.00
20080627      SXC>AVG  1 127.78130   -1909.09    -270.77
20080710      BollBuy  1 129.64398       0.00       0.00
20080717     L-MMLoss  1 126.64398   -3100.00   -3370.77
20080815      BollBuy  1 129.68637       0.00       0.00
20081009      LXC<AVG  1 129.51560    -270.77   -3641.54
20091112     BollShrt  1 135.31334       0.00       0.00
20091116     S-MMLoss  1 138.81250   -3599.16   -7240.71
20091125      BollBuy  1 140.41454       0.00       0.00
20091204     L-MMLoss  1 137.41454   -3100.00  -10340.71
20091221     BollShrt  1 135.29034       0.00       0.00
20100121      SXC>AVG  1 137.21880   -2028.46  -12369.17
20100427      BollBuy  1 138.44988       0.00       0.00
20101015      LXC<AVG  1 153.09380   14543.92    2174.76
20101109     BollShrt  1 151.50745       0.00       0.00
20110224      SXC>AVG  1 145.03130    6376.15    8550.90
20110311      BollBuy  1 146.16071       0.00       0.00
20110406      LXC<AVG  1 144.06250   -2198.21    6352.69
20110729      BollBuy  1 153.65807       0.00       0.00
20111024      LXC<AVG  1 165.78130   12023.23   18375.92
20120313     BollShrt  1 168.79256       0.00       0.00
20120409      SXC>AVG  1 169.96880   -1276.24   17099.68
20121108      BollBuy  1 180.28770       0.00       0.00
20121212      LXC<AVG  1 178.43750   -1950.20   15149.48
20130403      BollBuy  1 177.11015       0.00       0.00
20130513      LXC<AVG  1 176.50000    -710.15   14439.34
20131206     BollShrt  1 164.19473       0.00       0.00
20140110      SXC>AVG  1 166.53130   -2436.57   12002.77
20140124      BollBuy  1 168.94511       0.00       0.00
20140703      LXC<AVG  1 173.12500    4079.89   16082.66
20140717      BollBuy  1 176.03837       0.00       0.00
20140912      LXC<AVG  1 175.40630    -732.07   15350.59
20141001      BollBuy  1 179.45278       0.00       0.00
20150217      LXC<AVG  1 185.09380    5541.02   20891.60
------------------------------
Sys Name : BBSysWFilter
Mkt Symb : W2
20020702      BollBuy  1 1217.75000       0.00       0.00
20021010      LXC<AVG  1 1250.50000    1537.50    1537.50
20021203     BollShrt  1 1247.88442       0.00       0.00
20030507      SXC>AVG  1 1183.75000    3106.72    4644.22
20030512      BollBuy  1 1213.70959       0.00       0.00
20030624      LXC<AVG  1 1184.25000   -1572.98    3071.24
20030724      BollBuy  1 1227.08724       0.00       0.00
20030911      LXC<AVG  1 1214.00000    -754.36    2316.88
20031007     BollShrt  1 1194.90220       0.00       0.00
20031023      SXC>AVG  1 1231.75000   -1942.39     374.49
20031112      BollBuy  1 1254.70746       0.00       0.00
20031223      LXC<AVG  1 1221.75000   -1747.87   -1373.38
20040218     BollShrt  1 1216.14807       0.00       0.00
20040223      SXC>AVG  1 1241.75000   -1380.10   -2753.48
20040308     BollShrt  1 1213.87531       0.00       0.00
20040317      SXC>AVG  1 1235.25000   -1168.73   -3922.21
20040322      BollBuy  1 1255.58810       0.00       0.00
20040415      LXC<AVG  1 1227.00000   -1529.40   -5451.62
20040512     BollShrt  1 1202.29175       0.00       0.00
20040916      SXC>AVG  1 1148.50000    2589.59   -2862.03
20041001     BollShrt  1 1115.28189       0.00       0.00
20041028      SXC>AVG  1 1132.50000    -960.91   -3822.94
20041103     BollShrt  1 1109.75362       0.00       0.00
20041117      SXC>AVG  1 1128.75000   -1049.82   -4872.76
20041126     BollShrt  1 1103.29879       0.00       0.00
20050214      SXC>AVG  1 1102.00000     -35.06   -4907.82
20050222      BollBuy  1 1112.28566       0.00       0.00
20050404      LXC<AVG  1 1109.50000    -239.28   -5147.10
20050621      BollBuy  1 1125.54083       0.00       0.00
20050630      LXC<AVG  1 1105.25000   -1114.54   -6261.64
20050705      BollBuy  1 1123.50060       0.00       0.00
20050712      LXC<AVG  1 1106.25000    -962.53   -7224.17
20050718      BollBuy  1 1126.33316       0.00       0.00
20050720      LXC<AVG  1 1107.00000   -1066.66   -8290.83
20050815     BollShrt  1 1090.36863       0.00       0.00
20050930      SXC>AVG  1 1106.00000    -881.57   -9172.40
20051102     BollShrt  1 1073.07067       0.00       0.00
20051223      SXC>AVG  1 1078.00000    -346.47   -9518.86
20060125      BollBuy  1 1088.04548       0.00       0.00
20060316      LXC<AVG  1 1085.00000    -252.27   -9771.14
20060512      BollBuy  1 1121.53149       0.00       0.00
20060609      LXC<AVG  1 1090.75000   -1639.07  -11410.21
20060817     BollShrt  1 1069.55816       0.00       0.00
20060830      SXC>AVG  1 1098.50000   -1547.09  -12957.30
20060928      BollBuy  1 1119.91885       0.00       0.00
20061206      LXC<AVG  1 1156.50000    1729.06  -11228.25
20070104     BollShrt  1 1134.51349       0.00       0.00
20070222      SXC>AVG  1 1148.75000    -811.83  -12040.07
20070330     BollShrt  1 1099.01347       0.00       0.00
20070413      SXC>AVG  1 1125.25000   -1411.83  -13451.90
20070420      BollBuy  1 1148.15818       0.00       0.00
20070508      LXC<AVG  1 1116.25000   -1695.41  -15147.31
20070531      BollBuy  1 1155.66099       0.00       0.00
20071025      LXC<AVG  1 1402.75000   12254.45   -2892.86
20090507      BollBuy  1 1039.09638       0.00       0.00
20090616      LXC<AVG  1 1031.75000    -467.32   -3360.18
20091116      BollBuy  1 957.36883       0.00       0.00
20091217      LXC<AVG  1 907.00000   -2618.44   -5978.62
20100119     BollShrt  1 894.07530       0.00       0.00
20100416      SXC>AVG  1 865.00000    1353.77   -4624.85
20100520     BollShrt  1 823.95153       0.00       0.00
20100701      SXC>AVG  1 847.75000   -1289.92   -5914.78
20100708      BollBuy  1 884.32305       0.00       0.00
20100929      LXC<AVG  1 1000.75000    5721.35    -193.43
20101109      BollBuy  1 1067.99268       0.00       0.00
20101112     L-MMLoss  1 1007.99268   -3100.00   -3293.43
20101116     BollShrt  1 970.19328       0.00       0.00
20101201      SXC>AVG  1 1017.00000   -2440.34   -5733.76
20111209     BollShrt  1 712.70930       0.00       0.00
20111227      SXC>AVG  1 771.00000   -3014.53   -8748.30
20120201      BollBuy  1 797.70363       0.00       0.00
20120308      LXC<AVG  1 759.75000   -1997.68  -10745.98
20120418     BollShrt  1 740.25000       0.00       0.00
20120427      SXC>AVG  1 770.00000   -1587.50  -12333.48
20120502     BollShrt  1 735.64150       0.00       0.00
20120517      SXC>AVG  1 777.75000   -2205.43  -14538.91
20120518      BollBuy  1 804.27476       0.00       0.00
20120601     L-MMLoss  1 744.27476   -3100.00  -17638.91
20120622      BollBuy  1 803.95870       0.00       0.00
20120918      LXC<AVG  1 948.25000    7114.56  -10524.34
20121015     BollShrt  1 932.43398       0.00       0.00
20121107      SXC>AVG  1 978.75000   -2415.80  -12940.14
20121109      BollBuy  1 1000.75964       0.00       0.00
20121112     L-MMLoss  1 940.75964   -3100.00  -16040.14
20121113     BollShrt  1 928.25734       0.00       0.00
20121127      SXC>AVG  1 958.50000   -1612.13  -17652.28
20121211     BollShrt  1 916.01408       0.00       0.00
20130430      SXC>AVG  1 794.00000    6000.70  -11651.57
20130517     BollShrt  1 743.46463       0.00       0.00
20130603      SXC>AVG  1 771.75000   -1514.27  -13165.84
20130626     BollShrt  1 737.72490       0.00       0.00
20130925      SXC>AVG  1 712.00000    1186.25  -11979.60
20130930      BollBuy  1 732.54727       0.00       0.00
20131104      LXC<AVG  1 704.25000   -1514.86  -13494.46
20131212     BollShrt  1 668.12892       0.00       0.00
20140218      SXC>AVG  1 647.50000     931.45  -12563.01
20140306      BollBuy  1 686.91902       0.00       0.00
20140515      LXC<AVG  1 708.50000     979.05  -11583.96
20140528     BollShrt  1 667.50000       0.00       0.00
20141023      SXC>AVG  1 535.50000    6500.00   -5083.96
20141128      BollBuy  1 574.65704       0.00       0.00
20150109      LXC<AVG  1 570.50000    -307.85   -5391.82
20150427     BollShrt  1 495.64465       0.00       0.00
20150514      SXC>AVG  1 529.75000   -1805.27   -7197.08
20150626      BollBuy  1 554.29246       0.00       0.00
20150722      LXC<AVG  1 527.00000   -1464.62   -8661.71
20151104      BollBuy  1 532.45055       0.00       0.00
20151110      LXC<AVG  1 495.75000   -1935.03  -10596.73
20151202     BollShrt  1 476.10107       0.00       0.00
20160310      SXC>AVG  1 477.00000    -144.95  -10741.68
