Testing from : 20000412 to: 20160401
---------------------------------------------------------------------------------
SysName         Market TotProfit  MaxDD ClsTrdDD AvgWin AvgLoss PerWins TotTrades
BBSysWFilter    OJ        -15911  23750   21095    462   -1269    1.33        67
BBSysWFilter    PA         26063  24408   10582   1395   -1832    1.41        29
BBSysWFilter    PL         15105  18202   13141   1068   -1716    1.38        37
BBSysWFilter    QG          8589  21271   11671    663   -1118    1.35        48
BBSysWFilter    QM         32350  16717   12311   1202   -1543    1.40        42
BBSysWFilter    RB          7470   9591    1309   1755   -1309    1.67         3
BBSysWFilter    RR         -6804  29744   24135    613   -1073    1.20        59
BBSysWFilter    S2         31956  19448   11083   1357   -1584    1.34        41
BBSysWFilter    SB         25851  10995    6823    762    -813    1.35        51
BBSysWFilter    SF        -19965  25792   21573    692   -2048    1.29        35
BBSysWFilter    SI         18519  15250    8412   1629   -1393    1.36        14
BBSysWFilter    SM         19137  14908    8671    817   -1242    1.38        52
BBSysWFilter    SP             0      0       0      0       0    0.00         0
BBSysWFilter    TU.csv     -5463   5750    5549     10    -107    1.07        61
BBSysWFilter    TY         -6940  17011   12593    623   -1264    1.27        55
BBSysWFilter    US         20891  27694   21523   1314   -1777    1.34        35
BBSysWFilter    W2        -10741  24730   22296    750   -1470    1.24        55
---------------------------------------------------------------------------------
Totals                    140107  73193
-------------------------------------------------------------------
Combined Monthly Return
Date         Profit Cum.Profit
-------------------------------------------------------------------
20000428      -3367      -3367
20000531       1849      -1517
20000630        836       -681
20000731       1772       1091
20000831        843       1933
20000929       -818       1116
20001031        788       1903
20001130       -311       1592
20001229       -213       1379
20010131       -585        794
20010228          0        794
20010330       1860       2654
20010430      -3295       -641
20010531       -992      -1633
20010629      -1077      -2710
20010731       1898       -812
20010831       1572        760
20010928       -223        537
20011031       1446       1983
20011130      -1357        626
20011231        279        905
20020131      -1558       -653
20020228      -1387      -2040
20020328       1690       -350
20020430        803        453
20020531       -880       -427
20020628         66       -361
20020731       6018       5656
20020830       5871      11527
20020930       4818      16345
20021031      -4008      12337
20021129       6747      19084
20021231       6578      25662
20030131       3708      29369
20030228      23180      52550
20030331     -22515      30034
20030430       5736      35771
20030530      -1643      34128
20030630     -12402      21726
20030731       1074      22801
20030829       3638      26439
20030930      -1833      24606
20031031       2846      27451
20031128      16064      43515
20031231     -21129      22386
20040130       2012      24399
20040227      15210      39609
20040331      17479      57088
20040430      -7635      49453
20040528      -4738      44715
20040630      -3668      41048
20040730       1820      42867
20040831       7819      50686
20040930      -2501      48185
20041029       2981      51166
20041130      -6355      44812
20041231      -7350      37462
20050131     -15360      22102
20050228       -297      21805
20050331      -3059      18746
20050429      -8794       9952
20050531        -17       9935
20050630      -7960       1975
20050729      -7863      -5888
20050831      11718       5830
20050930        126       5957
20051031       2015       7972
20051130       9814      17786
20051230      -3311      14475
20060131       8400      22875
20060228     -12460      10415
20060331       8923      19338
20060428      21588      40925
20060531      -3782      37144
20060630     -17371      19773
20060731      -5468      14305
20060831       5305      19610
20060929       5944      25554
20061031        246      25800
20061130       -633      25167
20061229      -9124      16043
20070131      -2958      13085
20070228      -2967      10117
20070330      -7299       2819
20070430       -800       2018
20070531      -8742      -6723
20070629      11088       4365
20070731      -2303       2062
20070831       8010      10072
20070928      11260      21332
20071031      -2158      19174
20071130       9537      28711
20071231       8875      37587
20080131       7600      45187
20080229      45337      90524
20080331     -25146      65378
20080430        285      65664
20080530        192      65855
20080630       3840      69695
20080731     -16190      53505
20080829        306      53811
20080930       3453      57264
20081031       6793      64056
20081128       6492      70548
20081231      -5486      65062
20090130        -44      65017
20090227      -5454      59563
20090331      -1069      58494
20090430        922      59416
20090529       2031      61447
20090630      -4649      56798
20090731      -4226      52572
20090831       9071      61643
20090930       -878      60765
20091030      -1214      59551
20091130       5341      64892
20091231      -8871      56021
20100129      -2658      53364
20100226      -2439      50925
20100331      12464      63388
20100430       4525      67913
20100528       3642      71555
20100630       3339      74894
20100730       8385      83279
20100831       6068      89347
20100930      11354     100701
20101029      11693     112394
20101130     -15524      96869
20101231      20726     117596
20110131       2118     119714
20110228     -13500     106214
20110331      -2187     104027
20110429       6298     110325
20110531      -5590     104734
20110630      -5438      99296
20110729      -3032      96264
20110831      10927     107191
20110930       6440     113630
20111031     -17709      95922
20111130       4880     100802
20111230      -4903      95899
20120131       6999     102898
20120229      -3068      99829
20120330       1237     101066
20120430      -1817      99249
20120531       7435     106684
20120629      -3653     103031
20120731      13989     117020
20120831      -2022     114998
20120928      -2870     112128
20121031      -4303     107825
20121130      -8473      99352
20121231      -1176      98176
20130131      -2152      96024
20130228      -1445      94579
20130328       2344      96923
20130430      -5792      91132
20130531        131      91263
20130628      -2247      89016
20130731      -4512      84504
20130830       1428      85932
20130930      -7574      78359
20131031       3156      81515
20131129      -1373      80142
20131231      -5740      74402
20140131      -4859      69543
20140228       5681      75224
20140331       1940      77164
20140430       2566      79730
20140530      -2586      77144
20140630      -1440      75704
20140731       6867      82571
20140829       8071      90642
20140930      23857     114499
20141031       1949     116447
20141128      11021     127468
20141231      14763     142231
20150130      -8079     134153
20150227     -15577     118575
20150331       2068     120643
20150430      -2486     118158
20150529      -1718     116439
20150630      11878     128317
20150731       4280     132597
20150831      -3239     129359
20150930       9556     138914
20151030      -8830     130085
20151130        -47     130038
20151231       2703     132741
20160129        804     133545
20160229       8785     142330
20160331        660     142990
20160401      -2883     140107
