------------------------------
Sys Name : BBSysWFilter
Mkt Symb : OJ
Profit/Loss : -15911.44
Num Trades : 67
Percent Wins : 1.328
Avg Win  : 462.21
Avg Loss : -1269.96
Avg Trade: -237.48
MAX DrawDown: 23750.02
------------------------------
20000428          0          0
20000531          0          0
20000630          6          6
20000731        -83        -77
20000831        488        411
20000929        217        628
20001031        788       1416
20001130       -855        560
20001229       -498         63
20010131          0         63
20010228          0         63
20010330          0         63
20010430          0         63
20010531       -253       -191
20010629       -262       -452
20010731      -1759      -2211
20010831          2      -2210
20010928       -558      -2767
20011031        856      -1911
20011130        248      -1663
20011228       -948      -2611
20020131        382      -2228
20020228      -1082      -3311
20020328          0      -3311
20020430          0      -3311
20020531          0      -3311
20020628          0      -3311
20020731       1272      -2039
20020830       -345      -2384
20020930       -445      -2829
20021031       -476      -3305
20021127       -288      -3593
20021231        324      -3269
20030131        608      -2661
20030228       1027      -1634
20030331       -315      -1949
20030430        990       -959
20030530       -173      -1131
20030630       -535      -1666
20030731        344      -1322
20030829        225      -1097
20030930        277       -820
20031031       1223        403
20031126        375        778
20031231       1147       1925
20040130        375       2300
20040227        420       2720
20040331        210       2930
20040430        330       3260
20040528        727       3988
20040630       -715       3273
20040730       -979       2294
20040831        240       2534
20040930       1950       4484
20041029      -1667       2817
20041130       -341       2476
20041230      -1293       1183
20050131          0       1183
20050228          0       1183
20050331          0       1183
20050429      -1143         41
20050531          0         41
20050630       -427       -386
20050729       -370       -756
20050831        566       -190
20050930      -1082      -1272
20051031       1660        388
20051130         98        486
20051230        -23        463
20060131      -1842      -1379
20060228        256      -1124
20060331       2243       1119
20060428       -465        654
20060531        818       1471
20060630       2280       3751
20060731      -1638       2114
20060831       1282       3396
20060929      -1967       1429
20061031       1644       3073
20061130        727       3800
20061229       -727       3073
20070131       -815       2257
20070228      -2444       -186
20070330      -1900      -2086
20070430       2053        -33
20070531       1118       1084
20070629       2677       3762
20070731       -818       2944
20070831       3083       6027
20070928      -1517       4509
20071031       -821       3689
20071130      -1293       2396
20071231          0       2396
20080131          0       2396
20080229        269       2666
20080331       3030       5696
20080430      -2148       3548
20080530       -588       2960
20080630      -1248       1712
20080731      -2012       -299
20080829       -708      -1007
20080930       3443       2435
20081031       1905       4340
20081128        893       5233
20081231        855       6088
20090130      -1727       4360
20090227       -209       4151
20090331       -777       3374
20090430        555       3929
20090529       1635       5564
20090630      -1454       4109
20090731      -3403        706
20090831      -2803      -2097
20090930          0      -2097
20091030        267      -1830
20091130        525      -1305
20091231        877       -427
20100129       1057        630
20100226        578       1208
20100331       -265        943
20100430       -441        502
20100528       -715       -213
20100630         37       -177
20100730      -1712      -1889
20100831       -141      -2030
20100930       -360      -2389
20101029      -2478      -4867
20101130      -1679      -6546
20101231        385      -6160
20110131        750      -5410
20110228       1072      -4338
20110331      -1444      -5782
20110429      -1135      -6917
20110531        883      -6034
20110630       1342      -4692
20110729       1898      -2794
20110831      -2601      -5395
20110930       1320      -4075
20111031      -4108      -8183
20111130       1012      -7171
20111230      -1578      -8748
20120131       4560      -4188
20120229      -4255      -8443
20120330          0      -8443
20120430          0      -8443
20120531          0      -8443
20120629          0      -8443
20120731          0      -8443
20120831        581      -7863
20120928       -870      -8733
20121031       -272      -9005
20121130          0      -9005
20121231      -2024     -11029
20130131          0     -11029
20130228          0     -11029
20130328          0     -11029
20130430       -734     -11763
20130531       1642     -10121
20130628        -74     -10195
20130731      -2515     -12710
20130830      -1138     -13848
20130930       -961     -14809
20131031       1395     -13414
20131129      -1465     -14879
20131231       -753     -15632
20140131       -175     -15807
20140228       -202     -16009
20140331       1238     -14772
20140430       1132     -13639
20140530       -775     -14414
20140630       1242     -13172
20140731        907     -12264
20140829      -1102     -13367
20140930        795     -12572
20141031       1192     -11379
20141128       -655     -12034
20141231      -1903     -13938
20150130          0     -13938
20150227       1827     -12110
20150331       -592     -12703
20150430       1432     -11270
20150529       -588     -11858
20150630          0     -11858
20150731          0     -11858
20150831      -1557     -13415
20150930        486     -12929
20151030      -3598     -16528
20151130       1200     -15328
20151231        480     -14848
20160129      -1428     -16276
20160229        900     -15376
20160331       -566     -15941
20160401         30     -15911
------------------------------
------------------------------
Sys Name : BBSysWFilter
Mkt Symb : PA
Profit/Loss : 26063.5
Num Trades : 29
Percent Wins : 1.414
Avg Win  : 1395.65
Avg Loss : -1832.83
Avg Trade: 898.74
MAX DrawDown: 24408.02
------------------------------
20000428          0          0
20000531          0          0
20000630          0          0
20000731          0          0
20000831          0          0
20000929          0          0
20001031          0          0
20001130          0          0
20001229          0          0
20010131          0          0
20010228          0          0
20010330          0          0
20010430          0          0
20010531          0          0
20010629          0          0
20010731          0          0
20010831          0          0
20010928          0          0
20011031          0          0
20011130          0          0
20011231          0          0
20020131          0          0
20020228          0          0
20020328          0          0
20020430        113        113
20020531      -1550      -1437
20020628       2010        573
20020731        -65        508
20020830      -3865      -3357
20020930          0      -3357
20021031          0      -3357
20021127       3934        577
20021231       2800       3377
20030131      -3475        -98
20030228          0        -98
20030331       4508       4410
20030430       2645       7055
20030530      -4225       2830
20030630          0       2830
20030731          0       2830
20030829       1293       4123
20030930       1125       5248
20031031      -2450       2798
20031126         75       2873
20031231      -1875        998
20040130       1612       2609
20040227       -140       2469
20040331       5730       8199
20040430      -3735       4464
20040528          0       4464
20040630          0       4464
20040730          0       4464
20040831          0       4464
20040930      -1404       3061
20041029      -1568       1493
20041130          0       1493
20041230       2102       3596
20050131       -515       3081
20050228        765       3846
20050331      -3045        801
20050429       -855        -54
20050531        360        305
20050630        280        585
20050729      -1755      -1170
20050831       -745      -1915
20050930         88      -1826
20051031       2735        909
20051130       2910       3819
20051230        150       3969
20060131       3545       7514
20060228      -2290       5224
20060331       -984       4240
20060428       4025       8265
20060531      -3630       4635
20060630          0       4635
20060731          0       4635
20060831          0       4635
20060929      -3936        699
20061031      -1710      -1011
20061130          0      -1011
20061229          0      -1011
20070131      -1826      -2837
20070228       1060      -1777
20070330         65      -1712
20070430       1675        -37
20070531      -1430      -1467
20070629          0      -1467
20070731       -362      -1829
20070831       3385       1556
20070928      -1420        136
20071031      -1155      -1019
20071130          0      -1019
20071231          0      -1019
20080131        147       -872
20080229      17695      16823
20080331     -14125       2698
20080430          0       2698
20080530          0       2698
20080630      -1445       1253
20080731      -1655       -402
20080829          0       -402
20080930          0       -402
20081031          0       -402
20081128          0       -402
20081231          0       -402
20090130          0       -402
20090227      -3100      -3502
20090331       -113      -3615
20090430        -60      -3675
20090529      -1229      -4904
20090630       -455      -5359
20090731         44      -5315
20090831       2780      -2535
20090930        570      -1965
20091030       2405        440
20091130       4010       4450
20091231       4265       8715
20100129        380       9095
20100226       1890      10985
20100331       4620      15605
20100430       7580      23185
20100528      -9705      13480
20100630          0      13480
20100730          0      13480
20100831          0      13480
20100930          0      13480
20101029          0      13480
20101130          0      13480
20101231          0      13480
20110131          0      13480
20110228          0      13480
20110331          0      13480
20110429          0      13480
20110531          0      13480
20110630          0      13480
20110729          0      13480
20110831          0      13480
20110930          0      13480
20111031          0      13480
20111130          0      13480
20111230          0      13480
20120131          0      13480
20120229          0      13480
20120330          0      13480
20120430          0      13480
20120531          0      13480
20120629          0      13480
20120731          0      13480
20120831          0      13480
20120928          0      13480
20121031          0      13480
20121130          0      13480
20121231          0      13480
20130131          0      13480
20130228          0      13480
20130328          0      13480
20130430          0      13480
20130531          0      13480
20130628          0      13480
20130731          0      13480
20130830          0      13480
20130930          0      13480
20131031          0      13480
20131129          0      13480
20131231          0      13480
20140131          0      13480
20140228          0      13480
20140331          0      13480
20140430          0      13480
20140530          0      13480
20140630          0      13480
20140731          0      13480
20140829          0      13480
20140930          0      13480
20141031          0      13480
20141128          0      13480
20141231          0      13480
20150130          0      13480
20150227          0      13480
20150331          0      13480
20150430          0      13480
20150529          0      13480
20150630       7099      20578
20150731       6180      26758
20150831        790      27548
20150930      -1485      26063
20151030          0      26063
20151130          0      26063
20151231          0      26063
20160129          0      26063
20160229          0      26063
20160331          0      26063
20160401          0      26063
------------------------------
------------------------------
Sys Name : BBSysWFilter
Mkt Symb : PL
Profit/Loss : 15105.6
Num Trades : 37
Percent Wins : 1.378
Avg Win  : 1068.21
Avg Loss : -1716.22
Avg Trade: 408.26
MAX DrawDown: 18202.61
------------------------------
20000428      -3367      -3367
20000531       1849      -1517
20000630        830       -687
20000731       1855       1168
20000831        355       1523
20000929      -1035        488
20001031          0        488
20001130        544       1032
20001229        285       1317
20010131       -585        732
20010228          0        732
20010330       1860       2592
20010430      -3295       -703
20010531       -739      -1443
20010629       -815      -2258
20010731       3657       1399
20010831       1570       2969
20010928        335       3304
20011031        590       3894
20011130      -1605       2289
20011231       1226       3516
20020131      -1940       1576
20020228       -305       1271
20020328       1690       2961
20020430        690       3651
20020531        670       4321
20020628       -470       3851
20020731          0       3851
20020830       -310       3541
20020930      -1926       1614
20021031        765       2379
20021127        505       2884
20021231        900       3784
20030131       3225       7009
20030228        680       7689
20030331      -1575       6114
20030430       -136       5979
20030530      -2840       3139
20030630       -606       2532
20030731       1555       4087
20030829       1145       5232
20030930          5       5237
20031031       2325       7562
20031126       1100       8662
20031231       2170      10832
20040130       1250      12082
20040227       2855      14937
20040331       1065      16002
20040430      -3295      12707
20040528          0      12707
20040630          0      12707
20040730          0      12707
20040831       1130      13837
20040930        -55      13782
20041029      -2350      11432
20041130       -865      10567
20041230      -4772       5795
20050131          0       5795
20050228          0       5795
20050331      -1569       4225
20050429       -914       3312
20050531      -1910       1402
20050630         62       1464
20050729       -658        806
20050831       -170        636
20050930       1895       2531
20051031        395       2926
20051130       1860       4786
20051230      -1290       3496
20060131       2660       6157
20060228      -3630       2527
20060331      -1615        912
20060428       4645       5557
20060531       4175       9732
20060630      -3870       5862
20060731          0       5862
20060831          0       5862
20060929       1900       7761
20061031       3185      10946
20061130      -6245       4701
20061229          0       4701
20070131          0       4701
20070228          0       4701
20070330          0       4701
20070430          0       4701
20070531          0       4701
20070629          0       4701
20070731      -1488       3213
20070831       1550       4763
20070928      -1270       3493
20071031          0       3493
20071130          0       3493
20071231          0       3493
20080131          0       3493
20080229          0       3493
20080331          0       3493
20080430          0       3493
20080530          0       3493
20080630          0       3493
20080731          0       3493
20080829          0       3493
20080930          0       3493
20081031          0       3493
20081128          0       3493
20081231          0       3493
20090130          0       3493
20090227          0       3493
20090331          0       3493
20090430          0       3493
20090529          0       3493
20090630          0       3493
20090731          0       3493
20090831          0       3493
20090930          0       3493
20091030          0       3493
20091130          0       3493
20091231          0       3493
20100129          0       3493
20100226          0       3493
20100331          0       3493
20100430          0       3493
20100528          0       3493
20100630          0       3493
20100730          0       3493
20100831      -1454       2039
20100930       1493       3531
20101029       2425       5956
20101130      -3170       2786
20101231          0       2786
20110131          0       2786
20110228          0       2786
20110331          0       2786
20110429          0       2786
20110531          0       2786
20110630          0       2786
20110729          0       2786
20110831          0       2786
20110930          0       2786
20111031          0       2786
20111130          0       2786
20111230          0       2786
20120131          0       2786
20120229          0       2786
20120330          0       2786
20120430          0       2786
20120531          0       2786
20120629          0       2786
20120731          0       2786
20120831       2425       5211
20120928       6360      11571
20121031      -5430       6141
20121130          0       6141
20121231          0       6141
20130131          0       6141
20130228          0       6141
20130328          0       6141
20130430          0       6141
20130531          0       6141
20130628          0       6141
20130731          0       6141
20130830          0       6141
20130930          0       6141
20131031          0       6141
20131129          0       6141
20131231          0       6141
20140131          0       6141
20140228          0       6141
20140331          0       6141
20140430          0       6141
20140530      -1690       4452
20140630      -3326       1126
20140731      -1560       -434
20140829        224       -210
20140930       6165       5955
20141031       3265       9220
20141128       1195      10415
20141231        160      10575
20150130      -3897       6678
20150227       -348       6330
20150331       1955       8285
20150430      -1005       7280
20150529          0       7280
20150630        833       8112
20150731       4725      12837
20150831      -1275      11562
20150930       5070      16632
20151030      -3715      12917
20151130          0      12917
20151231          0      12917
20160129          0      12917
20160229       1233      14151
20160331       2070      16221
20160401      -1115      15106
------------------------------
------------------------------
Sys Name : BBSysWFilter
Mkt Symb : QG
Profit/Loss : 8589.26
Num Trades : 48
Percent Wins : 1.354
Avg Win  : 663.91
Avg Loss : -1118.21
Avg Trade: 178.94
MAX DrawDown: 21271.78
------------------------------
20020628       -500       -500
20020731       -550      -1050
20020830        563       -488
20020930       1600       1113
20021031       -300        812
20021127       -825        -12
20021231        368        355
20030131       2113       2468
20030228      10600      13068
20030331      -7837       5230
20030430       -450       4780
20030530          0       4780
20030630      -2412       2368
20030731       1115       3482
20030829         62       3545
20030930        163       3707
20031031      -2918        790
20031126        550       1340
20031231      -1405        -65
20040130       -962      -1028
20040227          0      -1028
20040331          0      -1028
20040430          0      -1028
20040528        412       -615
20040630      -1000      -1615
20040730          0      -1615
20040831       2231        615
20040930      -1613       -997
20041029       1046         49
20041130      -3237      -3188
20041230          0      -3188
20050131          0      -3188
20050228          0      -3188
20050331        753      -2436
20050429      -2388      -4823
20050531       -118      -4941
20050630      -1950      -6891
20050729        100      -6792
20050831       8875       2083
20050930       4962       7046
20051031      -4337       2708
20051130       -962       1746
20051230          0       1746
20060131          0       1746
20060228          0       1746
20060331          0       1746
20060428        -48       1698
20060531        775       2473
20060630      -2150        323
20060731       1784       2106
20060831      -4063      -1956
20060929       3634       1678
20061031      -5288      -3610
20061130          0      -3610
20061229          0      -3610
20070131          0      -3610
20070228          0      -3610
20070330          0      -3610
20070430          0      -3610
20070531      -1551      -5161
20070629       2278      -2883
20070731       1788      -1095
20070831       2212       1117
20070928      -3063      -1945
20071031          0      -1945
20071130      -2665      -4610
20071231       -162      -4773
20080131      -1013      -5785
20080229       2074      -3711
20080331       1550      -2161
20080430       1525       -636
20080530       1850       1214
20080630       3850       5064
20080731      -3475       1589
20080829          0       1589
20080930          0       1589
20081031          0       1589
20081128          0       1589
20081231          0       1589
20090130       1568       3157
20090227         25       3182
20090331       1287       4470
20090430       1463       5932
20090529      -1863       4070
20090630          0       4070
20090731         89       4158
20090831       2662       6821
20090930      -2112       4708
20091030          0       4708
20091130          0       4708
20091231          0       4708
20100129          0       4708
20100226       -375       4334
20100331       2513       6846
20100430        125       6971
20100528      -1300       5671
20100630       -221       5451
20100730       -638       4813
20100831        732       5546
20100930        150       5696
20101029        450       6146
20101130       -525       5621
20101231          0       5621
20110131       -762       4858
20110228         78       4936
20110331       -650       4286
20110429        279       4565
20110531      -1332       3233
20110630       -737       2496
20110729          0       2496
20110831       -213       2283
20110930       1100       3383
20111031       -213       3170
20111130       1338       4508
20111230       1500       6008
20120131       1312       7320
20120229         88       7408
20120330       1438       8845
20120430       -150       8695
20120531       -550       8145
20120629        -54       8091
20120731       1000       9091
20120831      -1300       7791
20120928          0       7791
20121031        -34       7758
20121130       -563       7195
20121231        274       7469
20130131         63       7531
20130228       -225       7306
20130328        597       7903
20130430        713       8616
20130531      -1188       7428
20130628        692       8120
20130731        325       8445
20130830       -238       8208
20130930       -312       7895
20131031          0       7895
20131129       -925       6970
20131231        389       7359
20140131       2212       9571
20140228        175       9746
20140331       -838       8909
20140430          0       8909
20140530          0       8909
20140630          0       8909
20140731       1339      10248
20140829       -462       9786
20140930        100       9886
20141031        -14       9872
20141128      -2424       7448
20141231       2329       9777
20150130        388      10164
20150227       -138      10027
20150331       -562       9464
20150430       -575       8889
20150529      -1954       6936
20150630          0       6936
20150731          0       6936
20150831       -109       6827
20150930        575       7402
20151030       1188       8589
20151130        525       9114
20151231       -188       8927
20160129       -212       8714
20160229        275       8989
20160331       -412       8577
20160401         12       8589
------------------------------
------------------------------
Sys Name : BBSysWFilter
Mkt Symb : QM
Profit/Loss : 32350.23
Num Trades : 42
Percent Wins : 1.405
Avg Win  : 1202.52
Avg Loss : -1543.95
Avg Trade: 770.24
MAX DrawDown: 16717.83
------------------------------
20020628        375        375
20020731         75        450
20020830       1637       2087
20020930        613       2700
20021031      -1138       1563
20021127       -553       1009
20021231        -82        927
20030131       1625       2552
20030228       2300       4852
20030331      -2562       2290
20030430          0       2290
20030530          0       2290
20030630         35       2325
20030731        638       2962
20030829        512       3475
20030930      -1801       1674
20031031       -700        974
20031126       -925         49
20031231       1038       1087
20040130        800       1887
20040227       2225       4112
20040331         25       4137
20040430       1150       5287
20040528       1237       6524
20040630      -1400       5124
20040730        450       5574
20040831       -312       5262
20040930       3837       9099
20041029       1375      10474
20041130      -2287       8187
20041230          0       8187
20050131          0       8187
20050228         68       8255
20050331       1563       9817
20050429      -1875       7942
20050531       -632       7310
20050630      -1625       5685
20050729       -649       5036
20050831       3963       8999
20050930      -3075       5924
20051031       -181       5742
20051130       1613       7355
20051230      -1612       5742
20060131       1352       7095
20060228      -3137       3957
20060331          0       3957
20060428       -883       3074
20060531      -1688       1386
20060630          0       1386
20060731      -2107       -721
20060831        786         65
20060929       3938       4003
20061031       3087       7090
20061130      -1038       6053
20061229        212       6265
20070131       1393       7659
20070228      -1275       6384
20070330       -442       5942
20070430      -2287       3654
20070531      -1982       1673
20070629        973       2646
20070731       3688       6334
20070831      -4325       2009
20070928       2475       4484
20071031       7262      11746
20071130      -2238       9509
20071231       3500      13009
20080131      -2137      10871
20080229          0      10871
20080331          0      10871
20080430          0      10871
20080530          0      10871
20080630          0      10871
20080731          0      10871
20080829          0      10871
20080930          0      10871
20081031          0      10871
20081128          0      10871
20081231          0      10871
20090130          0      10871
20090227          0      10871
20090331          0      10871
20090430          0      10871
20090529          0      10871
20090630          0      10871
20090731          0      10871
20090831          0      10871
20090930          0      10871
20091030        580      11451
20091130       -163      11289
20091231      -1000      10289
20100129          0      10289
20100226          0      10289
20100331          0      10289
20100430          0      10289
20100528       3146      13434
20100630       -438      12997
20100730       -900      12097
20100831      -2855       9242
20100930      -2738       6504
20101029      -1562       4942
20101130       -588       4355
20101231        103       4458
20110131      -2325       2133
20110228       -349       1784
20110331       4488       6271
20110429       3312       9584
20110531      -7162       2421
20110630          0       2421
20110729          0       2421
20110831          0       2421
20110930          0       2421
20111031          0       2421
20111130          0       2421
20111230          0       2421
20120131          0       2421
20120229       1581       4002
20120330      -2475       1527
20120430          0       1527
20120531       6991       8518
20120629        950       9468
20120731      -3950       5518
20120831          0       5518
20120928          0       5518
20121031        975       6493
20121130      -1112       5380
20121231       -400       4980
20130131       1744       6724
20130228      -2650       4074
20130328          0       4074
20130430      -2013       2061
20130531          0       2061
20130628          0       2061
20130731       2781       4842
20130830       1438       6280
20130930      -1607       4673
20131031       3200       7873
20131129       2100       9973
20131231      -3138       6836
20140131      -2606       4229
20140228        962       5191
20140331      -2400       2791
20140430      -2143        648
20140530       -750       -102
20140630       1525       1423
20140731      -1638       -215
20140829        -94       -308
20140930       2025       1717
20141031       4900       6617
20141128       7163      13779
20141231       6562      20342
20150130       2725      23067
20150227       -412      22654
20150331         62      22717
20150430        949      23666
20150529        -75      23591
20150630      -1275      22316
20150731       4050      26366
20150831       -800      25566
20150930       2188      27753
20151030       -675      27078
20151130        234      27313
20151231       2962      30275
20160129       2275      32550
20160229        988      33538
20160331      -1188      32350
20160401          0      32350
------------------------------
------------------------------
Sys Name : BBSysWFilter
Mkt Symb : RB
Profit/Loss : 7470.08
Num Trades : 3
Percent Wins : 1.667
Avg Win  : 1755.94
Avg Loss : -1309.6
Avg Trade: 2490.03
MAX DrawDown: 9591.2
------------------------------
20020628          0          0
20020731        802        802
20020830        966       1768
20020930       1021       2789
20021031       2108       4897
20021127      -2334       2563
20021231       5128       7691
20030131       4095      11786
20030228       3083      14869
20030331      -6089       8780
20030430          0       8780
20030530          0       8780
20030630          0       8780
20030731          0       8780
20030829       4393      13173
20030930      -5703       7470
20031031          0       7470
20031126          0       7470
20031231          0       7470
20040130          0       7470
20040227          0       7470
20040331          0       7470
20040430          0       7470
20040528          0       7470
20040630          0       7470
20040730          0       7470
20040831          0       7470
20040930          0       7470
20041029          0       7470
20041130          0       7470
20041230          0       7470
20050131          0       7470
20050228          0       7470
20050331          0       7470
20050429          0       7470
20050531          0       7470
20050630          0       7470
20050729          0       7470
20050831          0       7470
20050930          0       7470
20051031          0       7470
20051130          0       7470
20051230          0       7470
20060131          0       7470
20060228          0       7470
20060331          0       7470
20060428          0       7470
20060531          0       7470
20060630          0       7470
20060731          0       7470
20060831          0       7470
20060929          0       7470
20061031          0       7470
20061130          0       7470
20061229          0       7470
20070131          0       7470
20070228          0       7470
20070330          0       7470
20070430          0       7470
20070531          0       7470
20070629          0       7470
20070731          0       7470
20070831          0       7470
20070928          0       7470
20071031          0       7470
20071130          0       7470
20071231          0       7470
20080131          0       7470
20080229          0       7470
20080331          0       7470
20080430          0       7470
20080530          0       7470
20080630          0       7470
20080731          0       7470
20080829          0       7470
20080930          0       7470
20081031          0       7470
20081128          0       7470
20081231          0       7470
20090130          0       7470
20090227          0       7470
20090331          0       7470
20090430          0       7470
20090529          0       7470
20090630          0       7470
20090731          0       7470
20090831          0       7470
20090930          0       7470
20091030          0       7470
20091130          0       7470
20091231          0       7470
20100129          0       7470
20100226          0       7470
20100331          0       7470
20100430          0       7470
20100528          0       7470
20100630          0       7470
20100730          0       7470
20100831          0       7470
20100930          0       7470
20101029          0       7470
20101130          0       7470
20101231          0       7470
20110131          0       7470
20110228          0       7470
20110331          0       7470
20110429          0       7470
20110531          0       7470
20110630          0       7470
20110729          0       7470
20110831          0       7470
20110930          0       7470
20111031          0       7470
20111130          0       7470
20111230          0       7470
20120131          0       7470
20120229          0       7470
20120330          0       7470
20120430          0       7470
20120531          0       7470
20120629          0       7470
20120731          0       7470
20120831          0       7470
20120928          0       7470
20121031          0       7470
20121130          0       7470
20121231          0       7470
20130131          0       7470
20130228          0       7470
20130328          0       7470
20130430          0       7470
20130531          0       7470
20130628          0       7470
20130731          0       7470
20130830          0       7470
20130930          0       7470
20131031          0       7470
20131129          0       7470
20131231          0       7470
20140131          0       7470
20140228          0       7470
20140331          0       7470
20140430          0       7470
20140530          0       7470
20140630          0       7470
20140731          0       7470
20140829          0       7470
20140930          0       7470
20141031          0       7470
20141128          0       7470
20141231          0       7470
20150130          0       7470
20150227          0       7470
20150331          0       7470
20150430          0       7470
20150529          0       7470
20150630          0       7470
20150731          0       7470
20150831          0       7470
20150930          0       7470
20151030          0       7470
20151130          0       7470
20151231          0       7470
20160129          0       7470
20160229          0       7470
20160331          0       7470
20160401          0       7470
------------------------------
------------------------------
Sys Name : BBSysWFilter
Mkt Symb : RR
Profit/Loss : -6804.23
Num Trades : 59
Percent Wins : 1.203
Avg Win  : 613.69
Avg Loss : -1073.96
Avg Trade: -115.33
MAX DrawDown: 29744.95
------------------------------
20020731         44         44
20020830       -790       -746
20020930        -16       -762
20021031        590       -172
20021129       -220       -392
20021231        460         68
20030131       -864       -796
20030228         95       -701
20030331        730         29
20030430       2080       2109
20030530      -1060       1049
20030630       -854        196
20030731      -1352      -1156
20030829        250       -906
20030930       -750      -1656
20031031       -801      -2457
20031128        823      -1634
20031231        230      -1404
20040130      -1080      -2484
20040227      -1450      -3934
20040331       -192      -4127
20040430       3520       -607
20040528      -2250      -2857
20040630      -1117      -3974
20040730       2390      -1584
20040831      -1840      -3424
20040930       -142      -3566
20041029        460      -3106
20041130      -1200      -4306
20041230       -630      -4936
20050131       -476      -5412
20050228         30      -5382
20050331       -890      -6272
20050429         29      -6243
20050531       -600      -6843
20050630       1396      -5447
20050729       -290      -5737
20050831       -570      -6307
20050930       -761      -7068
20051031       -540      -7608
20051130          0      -7608
20051230         68      -7540
20060131        610      -6930
20060228       -930      -7860
20060331       -505      -8365
20060428        670      -7695
20060531       -212      -7907
20060630      -1090      -8997
20060731       -929      -9926
20060831       -321     -10247
20060929      -1890     -12137
20061031          0     -12137
20061130          0     -12137
20061229       -109     -12247
20070131       -500     -12747
20070228          0     -12747
20070330        290     -12457
20070430        240     -12217
20070531       -960     -13177
20070629      -1864     -15040
20070731       -148     -15188
20070831       -420     -15608
20070928        743     -14865
20071031        240     -14625
20071130       1400     -13225
20071231       1350     -11875
20080131       1910      -9965
20080229       5770      -4195
20080331       3290       -905
20080430       3530       2625
20080530      -2980       -355
20080630          0       -355
20080731          0       -355
20080829          0       -355
20080930          0       -355
20081031          0       -355
20081128          0       -355
20081231          0       -355
20090130          0       -355
20090227          0       -355
20090331          0       -355
20090430      -1040      -1395
20090529      -1899      -3293
20090630       -930      -4223
20090731        652      -3571
20090831        140      -3431
20090930      -1930      -5361
20091030      -1081      -6442
20091130       1230      -5212
20091231      -1890      -7102
20100129       -380      -7482
20100226       1570      -5912
20100331       3090      -2822
20100430       -240      -3062
20100528       1950      -1112
20100630       3760       2648
20100730      -1740        908
20100831      -1282       -375
20100930       2450       2075
20101029       3760       5835
20101130      -2740       3095
20101231          0       3095
20110131        210       3306
20110228      -2620        686
20110331          0        686
20110429          0        686
20110531        -28        658
20110630      -2135      -1477
20110729      -2446      -3923
20110831       3050       -873
20110930      -2627      -3500
20111031      -2350      -5850
20111130          0      -5850
20111230          0      -5850
20120131          0      -5850
20120229      -1347      -7196
20120330      -1057      -8253
20120430        230      -8023
20120531       -650      -8673
20120629       -168      -8841
20120731      -1620     -10461
20120831          0     -10461
20120928      -1830     -12291
20121031       1300     -10991
20121130       -360     -11351
20121231          0     -11351
20130131       -766     -12117
20130228       -940     -13057
20130328       -538     -13594
20130430       -910     -14504
20130531          0     -14504
20130628      -1169     -15673
20130731      -1693     -17366
20130830          0     -17366
20130930          0     -17366
20131031       -897     -18263
20131129        265     -17997
20131231      -1490     -19487
20140131          0     -19487
20140228         38     -19450
20140331      -1060     -20510
20140430       -530     -21040
20140530        410     -20629
20140630        880     -19749
20140731       1170     -18579
20140829        710     -17869
20140930       -160     -18029
20141031       1420     -16609
20141128       -100     -16709
20141231       1610     -15099
20150130       2360     -12739
20150227         50     -12689
20150331       -860     -13549
20150430        392     -13157
20150529       1570     -11587
20150630      -1380     -12967
20150731       1382     -11585
20150831        740     -10845
20150930       2080      -8765
20151030      -2210     -10975
20151130          0     -10975
20151231       -539     -11514
20160129        970     -10544
20160229       1680      -8864
20160331       2190      -6674
20160401       -130      -6804
------------------------------
------------------------------
Sys Name : BBSysWFilter
Mkt Symb : S2
Profit/Loss : 31956.72
Num Trades : 41
Percent Wins : 1.341
Avg Win  : 1357.0
Avg Loss : -1584.38
Avg Trade: 779.43
MAX DrawDown: 19448.87
------------------------------
20020731        750        750
20020830        412       1162
20020930         50       1212
20021031       -288        925
20021129          0        925
20021231          0        925
20030131      -1385       -460
20030228       -387       -847
20030331       -738      -1584
20030430       2116        532
20030530       -138        394
20030630       -788       -393
20030731       1657       1264
20030829      -2390      -1126
20030930       4412       3287
20031031       5863       9149
20031128      -2075       7074
20031231       -788       6287
20040130        362       6649
20040227       5850      12499
20040331       2875      15374
20040430        900      16274
20040528      -2138      14136
20040630          0      14136
20040730          0      14136
20040831          0      14136
20040930          0      14136
20041029          0      14136
20041130          0      14136
20041230       -524      13613
20050131      -1212      12400
20050228       1237      13637
20050331        275      13912
20050429       -400      13512
20050531        510      14022
20050630      -1712      12309
20050729          0      12309
20050831       2044      14353
20050930       1275      15628
20051031        488      16116
20051130      -1186      14930
20051230      -1643      13287
20060131      -1075      12212
20060228          0      12212
20060331          0      12212
20060428      -1143      11069
20060531          0      11069
20060630      -1409       9660
20060731        -12       9648
20060831       2200      11848
20060929        412      12261
20061031        -83      12178
20061130       2062      14241
20061229       -150      14091
20070131      -1233      12857
20070228       2600      15457
20070330      -1312      14145
20070430       -884      13261
20070531      -1563      11698
20070629       2100      13798
20070731      -2138      11660
20070831      -2746       8914
20070928       3056      11970
20071031        838      12807
20071130       2712      15520
20071231       5787      21307
20080131       3012      24320
20080229      12138      36457
20080331     -11788      24670
20080430          0      24670
20080530          0      24670
20080630          0      24670
20080731          0      24670
20080829          0      24670
20080930          0      24670
20081031          0      24670
20081128          0      24670
20081231          0      24670
20090130          0      24670
20090227          0      24670
20090331          0      24670
20090430          0      24670
20090529          0      24670
20090630          0      24670
20090731          0      24670
20090831          0      24670
20090930          0      24670
20091030          0      24670
20091130          0      24670
20091231          0      24670
20100129          0      24670
20100226          0      24670
20100331          0      24670
20100430        465      25135
20100528      -2851      22284
20100630      -1688      20596
20100730       1370      21966
20100831        250      22216
20100930       4838      27053
20101029       5850      32903
20101130        350      33253
20101231       7475      40728
20110131        500      41228
20110228      -5850      35378
20110331          0      35378
20110429          0      35378
20110531          0      35378
20110630      -1911      33467
20110729      -3312      30155
20110831      -3315      26840
20110930          0      26840
20111031          0      26840
20111130          0      26840
20111230          0      26840
20120131          0      26840
20120229          0      26840
20120330          0      26840
20120430          0      26840
20120531          0      26840
20120629          0      26840
20120731          0      26840
20120831          0      26840
20120928          0      26840
20121031          0      26840
20121130          0      26840
20121231          0      26840
20130131          0      26840
20130228          0      26840
20130328          0      26840
20130430          0      26840
20130531       3263      30103
20130628      -1988      28115
20130731      -1288      26828
20130830          0      26828
20130930          0      26828
20131031          0      26828
20131129          0      26828
20131231      -2532      24295
20140131          0      24295
20140228       3822      28117
20140331       2500      30617
20140430       3125      33742
20140530       -975      32767
20140630       1262      34029
20140731       3762      37792
20140829       2888      40679
20140930       5550      46229
20141031      -4738      41492
20141128          0      41492
20141231          0      41492
20150130       1314      42806
20150227      -2788      40018
20150331          0      40018
20150430      -1760      38258
20150529        416      38674
20150630       1619      40293
20150731      -5300      34993
20150831          0      34993
20150930          0      34993
20151030          0      34993
20151130      -1279      33713
20151231      -1737      31977
20160129          0      31977
20160229          0      31977
20160331       -395      31582
20160401        375      31957
------------------------------
------------------------------
Sys Name : BBSysWFilter
Mkt Symb : SB
Profit/Loss : 25851.06
Num Trades : 51
Percent Wins : 1.353
Avg Win  : 762.47
Avg Loss : -813.92
Avg Trade: 506.88
MAX DrawDown: 10995.47
------------------------------
20020628          0          0
20020731       -172       -172
20020830        202         30
20020930       1053       1082
20021031       1030       2113
20021127         56       2169
20021231        224       2393
20030131       1154       3546
20030228        246       3793
20030331      -1030       2763
20030430          0       2763
20030530       -237       2527
20030630        806       3333
20030731       -735       2598
20030829       -761       1837
20030930       -327       1511
20031031        571       2082
20031126       -559       1523
20031231       -507       1016
20040130       -213        803
20040227         11        814
20040331      -1077       -263
20040430          0       -263
20040528          0       -263
20040630       -760      -1023
20040730        410       -613
20040831       -839      -1452
20040930       -887      -2339
20041029       -768      -3107
20041130          0      -3107
20041230          0      -3107
20050131        100      -3006
20050228       -481      -3487
20050331       -357      -3844
20050429        202      -3642
20050531       -178      -3821
20050630        214      -3607
20050729        560      -3047
20050831        269      -2778
20050930        773      -2006
20051031        112      -1894
20051130       1232       -662
20051230       2520       1858
20060131       3741       5599
20060228      -1210       4390
20060331      -1041       3349
20060428          0       3349
20060531       1146       4495
20060630       -616       3879
20060731       -862       3017
20060831       2834       5852
20060929       1053       6904
20061031        224       7128
20061130       -806       6323
20061229          0       6323
20070131        474       6797
20070228         22       6820
20070330       -806       6014
20070430        750       6764
20070531       -269       6495
20070629        -10       6485
20070731        343       6827
20070831       -985       5843
20070928          0       5843
20071031       -451       5391
20071130       -190       5202
20071231        610       5812
20080131       1725       7537
20080229       1938       9474
20080331      -2934       6541
20080430          0       6541
20080530       1513       8053
20080630      -1926       6128
20080731          0       6128
20080829      -1798       4329
20080930        -51       4278
20081031       1837       6115
20081128        134       6250
20081231          1       6250
20090130       -983       5267
20090227        795       6062
20090331      -1489       4573
20090430         22       4595
20090529       1366       5961
20090630       1445       7406
20090731        851       8257
20090831       6474      14731
20090930       -571      14160
20091030      -3292      10868
20091130      -1277       9591
20091231       1777      11368
20100129       3304      14672
20100226      -4334      10338
20100331          0      10338
20100430          0      10338
20100528          0      10338
20100630          0      10338
20100730       2522      12861
20100831        202      13062
20100930       5566      18629
20101029       6317      24945
20101130      -1758      23187
20101231       5118      28305
20110131       2072      30377
20110228      -3527      26850
20110331        168      27018
20110429       3898      30916
20110531      -1042      29874
20110630       -962      28912
20110729          0      28912
20110831          0      28912
20110930         28      28940
20111031      -3057      25883
20111130          0      25883
20111230          0      25883
20120131          0      25883
20120229        944      26827
20120330       -336      26491
20120430         78      26569
20120531       1904      28473
20120629      -2609      25864
20120731        359      26223
20120831      -2161      24063
20120928          0      24063
20121031          0      24063
20121130       -311      23752
20121231       -190      23561
20130131       -524      23037
20130228        403      23441
20130328       -586      22855
20130430        -90      22765
20130531       1176      23941
20130628        -90      23852
20130731       -100      23752
20130830          0      23752
20130930        222      23974
20131031        202      24175
20131129       -492      23683
20131231        525      24208
20140131        963      25172
20140228       -800      24371
20140331        123      24494
20140430      -1186      23308
20140530          0      23308
20140630      -1220      22088
20140731       1192      23280
20140829       1086      24367
20140930       1344      25711
20141031        459      26170
20141128        504      26674
20141231       1198      27872
20150130      -1567      26305
20150227       -757      25548
20150331       2061      27609
20150430      -1892      25717
20150529        -25      25691
20150630       -157      25535
20150731       1490      27024
20150831        504      27528
20150930       -929      26599
20151030       1522      28121
20151130        459      28581
20151231        347      28928
20160129       -859      28069
20160229      -1500      26569
20160331       -528      26041
20160401       -190      25851
------------------------------
------------------------------
Sys Name : BBSysWFilter
Mkt Symb : SF
Profit/Loss : -19965.9
Num Trades : 35
Percent Wins : 1.286
Avg Win  : 692.17
Avg Loss : -2048.54
Avg Trade: -570.45
MAX DrawDown: 25792.71
------------------------------
20020628          0          0
20020731          0          0
20020830          0          0
20020930      -2821      -2821
20021031          0      -2821
20021129      -1070      -3892
20021231       3881        -11
20030131       1062       1052
20030228        788       1839
20030331      -1975       -136
20030430      -2494      -2630
20030530       2079       -550
20030630      -3887      -4438
20030731          0      -4438
20030829          0      -4438
20030930        680      -3758
20031031      -1625      -5383
20031128      -1375      -6758
20031231          0      -6758
20040130          0      -6758
20040227          0      -6758
20040331       -798      -7556
20040430       2238      -5318
20040528      -1194      -6512
20040630         38      -6475
20040730      -1550      -8025
20040831      -1246      -9270
20040930      -1525     -10795
20041029       3539      -7256
20041130       4950      -2306
20041231       -300      -2606
20050131      -3300      -5906
20050228          0      -5906
20050331          0      -5906
20050429          0      -5906
20050531          0      -5906
20050630          0      -5906
20050729          0      -5906
20050831          0      -5906
20050930      -2257      -8162
20051031       -973      -9135
20051130       2200      -6935
20051230      -2450      -9385
20060131      -1350     -10735
20060228      -1750     -12485
20060331          0     -12485
20060428       2082     -10403
20060531       1550      -8853
20060630      -2438     -11291
20060731      -1998     -13289
20060831       -425     -13714
20060929        733     -12980
20061031       -262     -13243
20061130       1509     -11734
20061229      -2188     -13922
20070131      -1225     -15147
20070228          0     -15147
20070330      -1078     -16224
20070430        387     -15837
20070531       -715     -16552
20070629        -25     -16577
20070731      -1075     -17652
20070831      -2411     -20063
20070928       1494     -18569
20071031        325     -18244
20071130       2263     -15981
20071231      -2337     -18319
20080131          0     -18319
20080229          0     -18319
20080331          0     -18319
20080430          0     -18319
20080530          0     -18319
20080630          0     -18319
20080731          0     -18319
20080829       4752     -13566
20080930       1400     -12166
20081031       3738      -8429
20081128       5288      -3141
20081231      -7988     -11129
20090130          0     -11129
20090227          0     -11129
20090331          0     -11129
20090430          0     -11129
20090529          0     -11129
20090630          0     -11129
20090731          0     -11129
20090831       -182     -11311
20090930       2663      -8648
20091030       1225      -7423
20091130       2263      -5161
20091231      -3517      -8678
20100129      -2362     -11041
20100226          0     -11041
20100331          0     -11041
20100430       -760     -11801
20100528       8025      -3776
20100630      -5263      -9038
20100730          0      -9038
20100831          0      -9038
20100930          0      -9038
20101029          0      -9038
20101130          0      -9038
20101231          0      -9038
20110131          0      -9038
20110228          0      -9038
20110331          0      -9038
20110429          0      -9038
20110531          0      -9038
20110630          0      -9038
20110729          0      -9038
20110831          0      -9038
20110930          0      -9038
20111031          0      -9038
20111130          0      -9038
20111230          0      -9038
20120131          0      -9038
20120229          0      -9038
20120330          0      -9038
20120430          0      -9038
20120531       6287      -2751
20120629      -2963      -5713
20120731       3800      -1913
20120831      -1700      -3613
20120928          0      -3613
20121031          0      -3613
20121130          0      -3613
20121231        980      -2633
20130131      -2738      -5370
20130228          0      -5370
20130328       1546      -3824
20130430      -2575      -6399
20130531        560      -5839
20130628      -2575      -8414
20130731          0      -8414
20130830          0      -8414
20130930          0      -8414
20131031          0      -8414
20131129          0      -8414
20131231        412      -8002
20140131      -2563     -10565
20140228        593      -9971
20140331      -1000     -10971
20140430      -1350     -12321
20140530      -2314     -14636
20140630      -1412     -16048
20140731        275     -15773
20140829       1475     -14298
20140930       5250      -9048
20141031       1087      -7961
20141128        525      -7436
20141231       3587      -3848
20150130     -17725     -21573
20150227          0     -21573
20150331          0     -21573
20150430          0     -21573
20150529          0     -21573
20150630          0     -21573
20150731          0     -21573
20150831          0     -21573
20150930          0     -21573
20151030          0     -21573
20151130          0     -21573
20151231          0     -21573
20160129          0     -21573
20160229          0     -21573
20160331       1382     -20191
20160401        225     -19966
------------------------------
------------------------------
Sys Name : BBSysWFilter
Mkt Symb : SI
Profit/Loss : 18519.61
Num Trades : 14
Percent Wins : 1.357
Avg Win  : 1629.47
Avg Loss : -1393.36
Avg Trade: 1322.83
MAX DrawDown: 15250.0
------------------------------
20020628          0          0
20020731        -88        -88
20020830        785        697
20020930       -400        297
20021031         90        387
20021127          0        387
20021231        487        874
20030131        240       1114
20030228      -1000        114
20030331        265        379
20030430       -760       -381
20030530      -1190      -1571
20030630          0      -1571
20030731       -151      -1722
20030829        -65      -1787
20030930         50      -1737
20031031      -1635      -3372
20031126        -19      -3392
20031231       2915       -477
20040130       1425        948
20040227       2215       3163
20040331       6150       9313
20040430      -5100       4213
20040528          0       4213
20040630          0       4213
20040730       -450       3763
20040831       1050       4813
20040930      -2985       1828
20041029       1543       3372
20041130       2085       5457
20041230      -3260       2197
20050131          0       2197
20050228          0       2197
20050331          0       2197
20050429          0       2197
20050531          0       2197
20050630      -2504       -308
20050729      -1666      -1973
20050831         39      -1935
20050930      -1674      -3609
20051031        340      -3269
20051130       3505        236
20051230       2525       2761
20060131       4975       7736
20060228       -865       6871
20060331       8575      15446
20060428       9950      25396
20060531      -5875      19521
20060630      -2850      16671
20060731          0      16671
20060831          0      16671
20060929          0      16671
20061031          0      16671
20061130          0      16671
20061229          0      16671
20070131          0      16671
20070228          0      16671
20070330          0      16671
20070430          0      16671
20070531          0      16671
20070629          0      16671
20070731          0      16671
20070831          0      16671
20070928          0      16671
20071031          0      16671
20071130          0      16671
20071231          0      16671
20080131          0      16671
20080229          0      16671
20080331          0      16671
20080430          0      16671
20080530          0      16671
20080630          0      16671
20080731          0      16671
20080829          0      16671
20080930          0      16671
20081031          0      16671
20081128          0      16671
20081231          0      16671
20090130          0      16671
20090227          0      16671
20090331          0      16671
20090430          0      16671
20090529          0      16671
20090630          0      16671
20090731          0      16671
20090831          0      16671
20090930          0      16671
20091030          0      16671
20091130          0      16671
20091231          0      16671
20100129          0      16671
20100226          0      16671
20100331          0      16671
20100430          0      16671
20100528          0      16671
20100630          0      16671
20100730          0      16671
20100831          0      16671
20100930          0      16671
20101029          0      16671
20101130          0      16671
20101231          0      16671
20110131          0      16671
20110228          0      16671
20110331          0      16671
20110429          0      16671
20110531          0      16671
20110630          0      16671
20110729          0      16671
20110831          0      16671
20110930          0      16671
20111031          0      16671
20111130          0      16671
20111230          0      16671
20120131          0      16671
20120229          0      16671
20120330          0      16671
20120430          0      16671
20120531          0      16671
20120629          0      16671
20120731          0      16671
20120831          0      16671
20120928          0      16671
20121031          0      16671
20121130          0      16671
20121231          0      16671
20130131          0      16671
20130228          0      16671
20130328          0      16671
20130430          0      16671
20130531          0      16671
20130628          0      16671
20130731          0      16671
20130830          0      16671
20130930          0      16671
20131031          0      16671
20131129          0      16671
20131231          0      16671
20140131          0      16671
20140228          0      16671
20140331          0      16671
20140430          0      16671
20140530          0      16671
20140630          0      16671
20140731          0      16671
20140829          0      16671
20140930          0      16671
20141031          0      16671
20141128          0      16671
20141231          0      16671
20150130          0      16671
20150227          0      16671
20150331          0      16671
20150430          0      16671
20150529          0      16671
20150630          0      16671
20150731          0      16671
20150831          0      16671
20150930          0      16671
20151030          0      16671
20151130          0      16671
20151231          0      16671
20160129          0      16671
20160229       1208      17880
20160331       2730      20610
20160401      -2090      18520
------------------------------
------------------------------
Sys Name : BBSysWFilter
Mkt Symb : SM
Profit/Loss : 19137.29
Num Trades : 52
Percent Wins : 1.385
Avg Win  : 817.91
Avg Loss : -1242.27
Avg Trade: 368.02
MAX DrawDown: 14908.01
------------------------------
20020731         90         90
20020830        350        440
20020930        100        540
20021031          0        540
20021129          0        540
20021231          0        540
20030131      -1873      -1333
20030228        365       -968
20030331       -850      -1818
20030430       1433       -385
20030530       -310       -695
20030630        -90       -785
20030731        995        209
20030829      -2017      -1808
20030930       1740        -68
20031031       5130       5062
20031128      -2290       2772
20031231       -540       2232
20040130         56       2288
20040227       2610       4898
20040331       3290       8188
20040430        400       8588
20040528      -1820       6768
20040630          0       6768
20040730          0       6768
20040831          0       6768
20040930          0       6768
20041029       -118       6650
20041130       -970       5680
20041230      -1010       4670
20050131      -1233       3437
20050228        563       4000
20050331        290       4290
20050429        570       4860
20050531       2120       6980
20050630       -780       6200
20050729        300       6500
20050831       1280       7780
20050930       1520       9300
20051031         70       9370
20051130      -1300       8070
20051230       1504       9574
20060131      -1560       8014
20060228          0       8014
20060331          0       8014
20060428       -377       7637
20060531      -1319       6318
20060630       -928       5390
20060731        742       6132
20060831        760       6892
20060929       -210       6682
20061031       1250       7932
20061130        390       8322
20061229      -1210       7112
20070131        169       7280
20070228       1830       9110
20070330      -1640       7470
20070430       1226       8696
20070531      -2110       6586
20070629       -290       6296
20070731      -1770       4526
20070831          0       4526
20070928       2527       7054
20071031       -240       6814
20071130        900       7714
20071231       3690      11404
20080131        480      11884
20080229       3380      15264
20080331      -5828       9435
20080430          0       9435
20080530          0       9435
20080630       6993      16428
20080731      -3400      13028
20080829      -3050       9978
20080930          0       9978
20081031          0       9978
20081128          0       9978
20081231       1583      11561
20090130       1120      12681
20090227      -2850       9831
20090331          0       9831
20090430          0       9831
20090529          0       9831
20090630          0       9831
20090731          0       9831
20090831          0       9831
20090930          0       9831
20091030          0       9831
20091130      -1173       8658
20091231       -400       8258
20100129       -832       7426
20100226       -220       7206
20100331       -790       6416
20100430        994       7410
20100528      -2070       5340
20100630          0       5340
20100730       1799       7139
20100831        520       7659
20100930       1170       8829
20101029        621       9450
20101130         60       9510
20101231       2920      12430
20110131        640      13070
20110228      -1700      11370
20110331      -2257       9113
20110429       1260      10373
20110531        160      10533
20110630       -762       9771
20110729      -3432       6339
20110831        443       6782
20110930       -922       5860
20111031       -750       5110
20111130       2530       7640
20111230      -1660       5980
20120131          0       5980
20120229       1975       7955
20120330       3580      11535
20120430       4330      15865
20120531      -4200      11665
20120629          0      11665
20120731       6674      18339
20120831       3850      22189
20120928      -5130      17059
20121031          0      17059
20121130          0      17059
20121231          0      17059
20130131          0      17059
20130228          0      17059
20130328          0      17059
20130430      -2653      14406
20130531       1312      15717
20130628       -620      15097
20130731      -1710      13387
20130830       -878      12509
20130930      -1830      10679
20131031       -280      10399
20131129        192      10591
20131231       -820       9771
20140131      -1170       8601
20140228       3113      11714
20140331       2160      13874
20140430       2400      16274
20140530        650      16924
20140630      -1186      15738
20140731       1860      17598
20140829       -190      17408
20140930       5180      22588
20141031      -3670      18918
20141128          0      18918
20141231          0      18918
20150130       -320      18598
20150227      -1860      16738
20150331          0      16738
20150430       -340      16399
20150529       1040      17439
20150630       2142      19580
20150731      -2150      17430
20150831      -1310      16120
20150930          0      16120
20151030          0      16120
20151130       1397      17517
20151231       2150      19667
20160129       -690      18977
20160229       1100      20077
20160331       -940      19137
20160401          0      19137
------------------------------
------------------------------
Sys Name : BBSysWFilter
Mkt Symb : SP
Profit/Loss : 0
Num Trades : 0
Percent Wins : 0
Avg Win  : 0
Avg Loss : 0
Avg Trade: 0
MAX DrawDown: 0
------------------------------
20020731          0          0
20020830          0          0
20020930          0          0
20021031          0          0
20021129          0          0
20021231          0          0
20030131          0          0
20030228          0          0
20030331          0          0
20030430          0          0
20030530          0          0
20030630          0          0
20030731          0          0
20030829          0          0
20030930          0          0
20031031          0          0
20031128          0          0
20031231          0          0
20040130          0          0
20040227          0          0
20040331          0          0
20040430          0          0
20040528          0          0
20040630          0          0
20040730          0          0
20040831          0          0
20040930          0          0
20041029          0          0
20041130          0          0
20041231          0          0
20050131          0          0
20050228          0          0
20050331          0          0
20050429          0          0
20050531          0          0
20050630          0          0
20050729          0          0
20050831          0          0
20050930          0          0
20051031          0          0
20051130          0          0
20051230          0          0
20060131          0          0
20060228          0          0
20060331          0          0
20060428          0          0
20060531          0          0
20060630          0          0
20060731          0          0
20060831          0          0
20060929          0          0
20061031          0          0
20061130          0          0
20061229          0          0
20070131          0          0
20070228          0          0
20070330          0          0
20070430          0          0
20070531          0          0
20070629          0          0
20070731          0          0
20070831          0          0
20070928          0          0
20071031          0          0
20071130          0          0
20071231          0          0
20080131          0          0
20080229          0          0
20080331          0          0
20080430          0          0
20080530          0          0
20080630          0          0
20080731          0          0
20080829          0          0
20080930          0          0
20081031          0          0
20081128          0          0
20081231          0          0
20090130          0          0
20090227          0          0
20090331          0          0
20090430          0          0
20090529          0          0
20090630          0          0
20090731          0          0
20090831          0          0
20090930          0          0
20091030          0          0
20091130          0          0
20091231          0          0
20100129          0          0
20100226          0          0
20100331          0          0
20100430          0          0
20100528          0          0
20100630          0          0
20100730          0          0
20100831          0          0
20100930          0          0
20101029          0          0
20101130          0          0
20101231          0          0
20110131          0          0
20110228          0          0
20110331          0          0
20110429          0          0
20110531          0          0
20110630          0          0
20110729          0          0
20110831          0          0
20110930          0          0
20111031          0          0
20111130          0          0
20111230          0          0
20120131          0          0
20120229          0          0
20120330          0          0
20120430          0          0
20120531          0          0
20120629          0          0
20120731          0          0
20120831          0          0
20120928          0          0
20121031          0          0
20121130          0          0
20121231          0          0
20130131          0          0
20130228          0          0
20130328          0          0
20130430          0          0
20130531          0          0
20130628          0          0
20130731          0          0
20130830          0          0
20130930          0          0
20131031          0          0
20131129          0          0
20131231          0          0
20140131          0          0
20140228          0          0
20140331          0          0
20140430          0          0
20140530          0          0
20140630          0          0
20140731          0          0
20140829          0          0
20140930          0          0
20141031          0          0
20141128          0          0
20141231          0          0
20150130          0          0
20150227          0          0
20150331          0          0
20150430          0          0
20150529          0          0
20150630          0          0
20150731          0          0
20150831          0          0
20150930          0          0
20151030          0          0
20151130          0          0
20151231          0          0
20160129          0          0
20160229          0          0
20160331          0          0
20160401          0          0
------------------------------
------------------------------
Sys Name : BBSysWFilter
Mkt Symb : TU.csv
Profit/Loss : -5463.86
Num Trades : 61
Percent Wins : 1.066
Avg Win  : 10.2
Avg Loss : -107.49
Avg Trade: -89.57
MAX DrawDown: 5750.58
------------------------------
20020628         -5         -5
20020731        153        148
20020830         29        177
20020930        103        280
20021031       -185         95
20021129       -167        -72
20021231         43        -29
20030131         -6        -35
20030228         53         18
20030331       -144       -125
20030430          0       -125
20030530         40        -86
20030630          4        -82
20030731        -97       -178
20030829          2       -176
20030930       -143       -319
20031031       -195       -514
20031128          0       -514
20031231         -1       -515
20040130         23       -492
20040227         57       -435
20040331         32       -403
20040430       -137       -540
20040528         21       -519
20040630          0       -519
20040730       -116       -635
20040831         46       -589
20040930        -22       -611
20041029       -113       -725
20041130         34       -691
20041231         -8       -699
20050131         27       -672
20050228         43       -629
20050331         25       -604
20050429       -143       -747
20050531        -11       -758
20050630         -2       -759
20050729        -89       -848
20050831       -141       -990
20050930          0       -990
20051031         30       -960
20051130         -2       -962
20051230       -114      -1076
20060131          0      -1076
20060228         17      -1059
20060331         26      -1033
20060428          6      -1027
20060531         30       -997
20060630         22       -975
20060731       -120      -1094
20060831          0      -1094
20060929         -8      -1102
20061031       -133      -1235
20061130          0      -1235
20061229       -133      -1369
20070131         22      -1347
20070228       -152      -1499
20070330        -30      -1529
20070430       -130      -1658
20070531         28      -1630
20070629          1      -1629
20070731       -116      -1745
20070831         56      -1689
20070928         45      -1644
20071031          3      -1641
20071130        146      -1495
20071231          7      -1488
20080131        148      -1339
20080229        105      -1235
20080331        -13      -1248
20080430       -163      -1411
20080530         50      -1361
20080630       -129      -1490
20080731       -183      -1673
20080829         -4      -1677
20080930         58      -1619
20081031         70      -1550
20081128        177      -1372
20081231         62      -1310
20090130        -22      -1332
20090227       -115      -1447
20090331         22      -1425
20090430        -17      -1442
20090529         21      -1421
20090630       -313      -1734
20090731          0      -1734
20090831          0      -1734
20090930         22      -1712
20091030         32      -1680
20091130         67      -1612
20091231       -160      -1773
20100129          0      -1773
20100226         14      -1758
20100331       -141      -1900
20100430       -125      -2024
20100528         56      -1968
20100630         34      -1934
20100730         15      -1919
20100831         16      -1903
20100930       -113      -2016
20101029         25      -1991
20101130       -135      -2126
20101231         -5      -2131
20110131       -107      -2238
20110228       -122      -2360
20110331       -125      -2485
20110429          2      -2483
20110531         40      -2443
20110630          8      -2435
20110729         29      -2406
20110831         30      -2376
20110930       -115      -2491
20111031          0      -2491
20111130          0      -2491
20111230          0      -2491
20120131          2      -2489
20120229       -110      -2599
20120330         -0      -2600
20120430       -112      -2711
20120531          0      -2711
20120629          0      -2711
20120731       -105      -2816
20120831       -112      -2928
20120928          0      -2928
20121031         -1      -2929
20121130       -105      -3035
20121231       -110      -3145
20130131         -6      -3151
20130228       -102      -3253
20130328       -104      -3357
20130430          6      -3350
20130531       -106      -3456
20130628       -104      -3560
20130731       -112      -3672
20130830          0      -3672
20130930       -105      -3777
20131031          8      -3769
20131129          8      -3762
20131231       -114      -3875
20140131       -116      -3992
20140228          0      -3992
20140331       -128      -4119
20140430          0      -4119
20140530          6      -4113
20140630       -119      -4232
20140731        -10      -4242
20140829       -116      -4359
20140930       -112      -4471
20141031         23      -4448
20141128         18      -4430
20141231       -134      -4564
20150130         26      -4538
20150227       -139      -4677
20150331          5      -4672
20150430          5      -4667
20150529         10      -4656
20150630       -244      -4900
20150731          6      -4894
20150831       -132      -5026
20150930       -101      -5126
20151030       -116      -5242
20151130          7      -5235
20151231         16      -5219
20160129       -118      -5337
20160229         -2      -5340
20160331       -124      -5464
20160401          0      -5464
------------------------------
------------------------------
Sys Name : BBSysWFilter
Mkt Symb : TY
Profit/Loss : -6940.45
Num Trades : 55
Percent Wins : 1.273
Avg Win  : 623.38
Avg Loss : -1264.43
Avg Trade: -126.19
MAX DrawDown: 17011.24
------------------------------
20020628          0          0
20020731          0          0
20020830          0          0
20020930          0          0
20021031          0          0
20021129          0          0
20021231      -2215      -2215
20030131      -2553      -4768
20030228       1179      -3589
20030331      -2147      -5736
20030430          0      -5736
20030530       2776      -2960
20030630      -1000      -3960
20030731      -1209      -5169
20030829          0      -5169
20030930          0      -5169
20031031          0      -5169
20031128          0      -5169
20031231          0      -5169
20040130         84      -5085
20040227       1937      -3148
20040331       1531      -1617
20040430      -2568      -4185
20040528          0      -4185
20040630          0      -4185
20040730       -139      -4325
20040831       2797      -1528
20040930        312      -1216
20041029        938       -278
20041130      -1150      -1428
20041231      -1756      -3184
20050131      -1347      -4531
20050228      -1333      -5864
20050331        609      -5255
20050429      -1053      -6308
20050531        443      -5865
20050630        203      -5662
20050729      -1318      -6979
20050831      -1568      -8547
20050930          0      -8547
20051031        535      -8012
20051130       -281      -8293
20051230       -945      -9238
20060131       -959     -10197
20060228       -246     -10444
20060331       1515      -8929
20060428        813      -8116
20060531        500      -7616
20060630      -1447      -9062
20060731       -550      -9612
20060831       1391      -8221
20060929        688      -7533
20061031      -1288      -8821
20061130        592      -8229
20061229      -1131      -9360
20070131         95      -9265
20070228      -1334     -10599
20070330      -1159     -11759
20070430       -835     -12594
20070531        873     -11720
20070629        672     -11048
20070731       -632     -11680
20070831       1371     -10310
20070928        234     -10076
20071031        734      -9342
20071130       3907      -5435
20071231        187      -5248
20080131       3328      -1920
20080229       1969         49
20080331       1672       1721
20080430      -2459       -738
20080530          0       -738
20080630          0       -738
20080731      -2365      -3103
20080829        488      -2615
20080930      -1256      -3871
20081031          0      -3871
20081128          0      -3871
20081231          0      -3871
20090130          0      -3871
20090227          0      -3871
20090331          0      -3871
20090430          0      -3871
20090529        791      -3080
20090630        734      -2346
20090731      -2459      -4805
20090831          0      -4805
20090930        481      -4324
20091030      -1350      -5674
20091130       1565      -4109
20091231      -2533      -6643
20100129      -2053      -8696
20100226          0      -8696
20100331          0      -8696
20100430      -1680     -10376
20100528       2765      -7611
20100630       2672      -4939
20100730       1266      -3673
20100831       2687       -986
20100930        422       -564
20101029       -928      -1492
20101130      -3100      -4592
20101231       2147      -2444
20110131       -360      -2804
20110228        525      -2279
20110331      -1487      -3767
20110429          1      -3766
20110531       2891       -875
20110630       -281      -1156
20110729       3359       2203
20110831       4344       6547
20110930       1062       7609
20111031      -2600       5009
20111130          0       5009
20111230       -151       4858
20120131       1125       5983
20120229      -1709       4274
20120330        182       4456
20120430      -1662       2794
20120531       1884       4679
20120629       -563       4116
20120731       1281       5397
20120831      -2743       2654
20120928          0       2654
20121031          0       2654
20121130        115       2770
20121231      -1006       1764
20130131        150       1914
20130228      -1319        595
20130328         91        686
20130430       1375       2061
20130531      -1427        634
20130628       2656       3290
20130731        125       3415
20130830       1094       4509
20130930      -1428       3081
20131031         79       3160
20131129       -718       2442
20131231        343       2785
20140131      -1834        951
20140228       -107        843
20140331      -1241       -398
20140430      -1414      -1811
20140530       1302       -509
20140630      -1756      -2265
20140731          0      -2265
20140829        579      -1687
20140930      -2217      -3904
20141031       -631      -4535
20141128       1297      -3238
20141231      -1147      -4385
20150130       3299      -1086
20150227      -3725      -4811
20150331          0      -4811
20150430          0      -4811
20150529          0      -4811
20150630       -344      -5155
20150731      -1053      -6208
20150831        -90      -6298
20150930       1672      -4626
20151030      -1225      -5851
20151130       -656      -6507
20151231       -819      -7326
20160129       1329      -5996
20160229       1328      -4668
20160331      -2272      -6940
20160401          0      -6940
------------------------------
------------------------------
Sys Name : BBSysWFilter
Mkt Symb : US
Profit/Loss : 20891.6
Num Trades : 35
Percent Wins : 1.343
Avg Win  : 1314.54
Avg Loss : -1777.91
Avg Trade: 596.9
MAX DrawDown: 27694.67
------------------------------
20020628      -1344      -1344
20020731       3156       1812
20020830       4938       6750
20020930       4562      11312
20021031      -4569       6744
20021129          0       6744
20021231          0       6744
20030131       -482       6262
20030228       3625       9887
20030331      -3881       6006
20030430          0       6006
20030530       5058      11063
20030630      -1875       9188
20030731      -1506       7682
20030829          0       7682
20030930          0       7682
20031031          0       7682
20031128          0       7682
20031231      -1381       6301
20040130      -1719       4582
20040227          0       4582
20040331          0       4582
20040430          0       4582
20040528          0       4582
20040630          0       4582
20040730        141       4723
20040831       4312       9036
20040930        906       9942
20041029       1625      11567
20041130      -2412       9154
20041231      -4885       4270
20050131       1069       5339
20050228      -1850       3489
20050331          0       3489
20050429          0       3489
20050531          0       3489
20050630          0       3489
20050729          0       3489
20050831      -2779        710
20050930          0        710
20051031       1682       2392
20051130       -312       2079
20051230      -1213        866
20060131      -1631       -765
20060228          0       -765
20060331       2221       1456
20060428       2312       3769
20060531        438       4206
20060630      -1725       2481
20060731        221       2702
20060831       2406       5109
20060929       1344       6452
20061031      -2381       4071
20061130       1300       5371
20061229      -2288       3083
20070131        188       3271
20070228      -2162       1109
20070330          0       1109
20070430          0       1109
20070531        814       1923
20070629       1375       3298
20070731      -1225       2073
20070831        889       2963
20070928       -219       2744
20071031      -1943        801
20071130       4594       5395
20071231      -3756       1638
20080131          0       1638
20080229          0       1638
20080331          0       1638
20080430          0       1638
20080530        347       1986
20080630      -2256       -271
20080731      -3100      -3371
20080829        626      -2745
20080930       -141      -2885
20081031       -756      -3642
20081128          0      -3642
20081231          0      -3642
20090130          0      -3642
20090227          0      -3642
20090331          0      -3642
20090430          0      -3642
20090529          0      -3642
20090630          0      -3642
20090731          0      -3642
20090831          0      -3642
20090930          0      -3642
20091030          0      -3642
20091130      -2701      -6343
20091231      -2676      -9019
20100129      -3350     -12369
20100226          0     -12369
20100331          0     -12369
20100430        706     -11663
20100528       4156      -7507
20100630       4844      -2663
20100730       1219      -1444
20100831       7719       6275
20100930      -1312       4962
20101029      -2788       2175
20101130        726       2901
20101231       5156       8057
20110131       1500       9557
20110228      -1006       8551
20110331       -879       7671
20110429      -1319       6353
20110531          0       6353
20110630          0       6353
20110729        873       7226
20110831       9188      16413
20110930       6594      23007
20111031      -4631      18376
20111130          0      18376
20111230          0      18376
20120131          0      18376
20120229          0      18376
20120330       1668      20043
20120430      -2944      17100
20120531          0      17100
20120629          0      17100
20120731          0      17100
20120831          0      17100
20120928          0      17100
20121031          0      17100
20121130        150      17249
20121231      -2100      15149
20130131          0      15149
20130228          0      15149
20130328          0      15149
20130430       3140      18289
20130531      -3850      14439
20130628          0      14439
20130731          0      14439
20130830          0      14439
20130930          0      14439
20131031          0      14439
20131129          0      14439
20131231         70      14509
20140131      -2045      12464
20140228       1000      13464
20140331        156      13620
20140430       1719      15339
20140530       3312      18651
20140630       -281      18370
20140731      -2795      15576
20140829       4125      19701
20140930      -4350      15351
20141031       1204      16554
20141128       2969      19523
20141231       1938      21460
20150130       6719      28179
20150227      -7288      20892
20150331          0      20892
20150430          0      20892
20150529          0      20892
20150630          0      20892
20150731          0      20892
20150831          0      20892
20150930          0      20892
20151030          0      20892
20151130          0      20892
20151231          0      20892
20160129          0      20892
20160229          0      20892
20160331          0      20892
20160401          0      20892
------------------------------
------------------------------
Sys Name : BBSysWFilter
Mkt Symb : W2
Profit/Loss : -10741.68
Num Trades : 55
Percent Wins : 1.236
Avg Win  : 750.07
Avg Loss : -1470.15
Avg Trade: -195.3
MAX DrawDown: 24730.91
------------------------------
20020731        550        550
20020830       1300       1850
20020930       1325       3175
20021031      -1638       1538
20021129          0       1538
20021231       1969       3507
20030131        225       3732
20030228        525       4257
20030331       1125       5382
20030430        312       5694
20030530      -1423       4271
20030630      -1200       3071
20030731       -179       2892
20030829        988       3879
20030930      -1562       2317
20031031      -1942        374
20031128        165        539
20031231      -1912      -1373
20040130          0      -1373
20040227      -1380      -2753
20040331      -1361      -4114
20040430      -1338      -5452
20040528        265      -5187
20040630       1288      -3900
20040730       1662      -2237
20040831        250      -1987
20040930       -875      -2862
20041029       -961      -3823
20041130       -960      -4783
20041230       -312      -5095
20050131        825      -4270
20050228        661      -3610
20050331       -712      -4322
20050429       -825      -5147
20050531          0      -5147
20050630      -1115      -6262
20050729      -2029      -8291
20050831        656      -7635
20050930      -1538      -9172
20051031          0      -9172
20051130        441      -8731
20051230       -788      -9519
20060131        -65      -9584
20060228       1325      -8259
20060331      -1512      -9771
20060428          0      -9771
20060531       -489     -10260
20060630      -1150     -11410
20060731          0     -11410
20060831      -1547     -12957
20060929        254     -12703
20061031       2000     -10703
20061130        875      -9828
20061229      -1400     -11228
20070131        301     -10928
20070228      -1112     -12040
20070330        713     -11327
20070430      -2995     -14322
20070531       -996     -15318
20070629       3200     -12118
20070731       1650     -10468
20070831       6350      -4118
20070928       8175       4057
20071031      -6950      -2893
20071130          0      -2893
20071231          0      -2893
20080131          0      -2893
20080229          0      -2893
20080331          0      -2893
20080430          0      -2893
20080530          0      -2893
20080630          0      -2893
20080731          0      -2893
20080829          0      -2893
20080930          0      -2893
20081031          0      -2893
20081128          0      -2893
20081231          0      -2893
20090130          0      -2893
20090227          0      -2893
20090331          0      -2893
20090430          0      -2893
20090529       3208        315
20090630      -3675      -3360
20090731          0      -3360
20090831          0      -3360
20090930          0      -3360
20091030          0      -3360
20091130        994      -2366
20091231      -3612      -5979
20100129       1579      -4400
20100226      -1562      -5962
20100331       3437      -2525
20100430      -2100      -4625
20100528        185      -4440
20100630       -400      -4840
20100730       5184        344
20100831       -325         19
20100930       -212       -193
20101029          0       -193
20101130      -2965      -3159
20101231      -2575      -5734
20110131          0      -5734
20110228          0      -5734
20110331          0      -5734
20110429          0      -5734
20110531          0      -5734
20110630          0      -5734
20110729          0      -5734
20110831          0      -5734
20110930          0      -5734
20111031          0      -5734
20111130          0      -5734
20111230      -3015      -8748
20120131          0      -8748
20120229       -235      -8983
20120330      -1762     -10746
20120430      -1588     -12333
20120531      -4232     -16565
20120629       1753     -14812
20120731       6550      -8262
20120831       -862      -9124
20120928      -1400     -10524
20121031       -841     -11365
20121130      -6287     -17652
20121231       3401     -14252
20130131        -75     -14327
20130228       3388     -10939
20130328       1338      -9602
20130430      -2050     -11652
20130531      -1252     -12903
20130628       1024     -11880
20130731       -325     -12205
20130830       1150     -11055
20130930      -1552     -12607
20131031       -550     -13157
20131129       -338     -13494
20131231       1369     -12126
20140131       2475      -9651
20140228      -2912     -12563
20140331       2429     -10134
20140430        812      -9321
20140530      -1762     -11084
20140630       2950      -8134
20140731       2362      -5771
20140829      -1050      -6821
20140930       4288      -2534
20141031      -2550      -5084
20141128        530      -4554
20141231        562      -3992
20150130      -1400      -5392
20150227          0      -5392
20150331          0      -5392
20150430        307      -5085
20150529      -2113      -7197
20150630       3585      -3612
20150731      -5050      -8662
20150831          0      -8662
20150930          0      -8662
20151030          0      -8662
20151130      -1935     -10597
20151231         30     -10567
20160129       -462     -11029
20160229       1575      -9454
20160331      -1288     -10742
20160401          0     -10742
------------------------------
