------------------------------
Sys Name : Bollinger60Simple
Mkt Symb : CU
Profit/Loss : 10925.0
Num Trades : 30
Percent Wins : 1.2
Avg Win  : 1684.72
Avg Loss : -2076.04
Avg Trade: 364.17
MAX DrawDown: 45643.75
------------------------------
20090430          0          0
20090529       3206       3206
20090630       -975       2231
20090731       2675       4906
20090831        950       5856
20090930       3937       9794
20091030       1012      10806
20091130       3312      14119
20091231      -3350      10769
20100129       5862      16631
20100226       3050      19681
20100331       1363      21044
20100430       2525      23569
20100528      12300      35869
20100630       1062      36931
20100730     -11000      25931
20100831      -1687      24244
20100930       4112      28356
20101029       3175      31531
20101130      -9388      22144
20101231          0      22144
20110131          0      22144
20110228          0      22144
20110331      -1619      20525
20110429       7988      28513
20110531     -10569      17944
20110630          0      17944
20110729      -2100      15844
20110831          0      15844
20110930       7519      23363
20111031      -9619      13744
20111130      -2100      11644
20111230       2262      13906
20120131      -1475      12431
20120229      -2887       9544
20120330          0       9544
20120430          0       9544
20120531       7969      17512
20120629      -3625      13887
20120731       4438      18325
20120831      -3362      14962
20120928       -512      14450
20121031       1312      15763
20121130        413      16175
20121231       2462      18638
20130131       4625      23263
20130228      -6413      16850
20130328      -4569      12281
20130430      -1844      10438
20130531      -2100       8338
20130628      -2100       6238
20130731      -2100       4138
20130830          0       4138
20130930        219       4356
20131031        813       5169
20131129      -3131       2038
20131231      -2850       -813
20140131      -1350      -2163
20140228         50      -2113
20140331       -587      -2700
20140430       1200      -1500
20140530      -2275      -3775
20140630       -750      -4525
20140731       3825       -700
20140829       3213       2512
20140930       6362       8875
20141031       1313      10188
20141128       1175      11362
20141231       4200      15563
20150130      10137      25700
20150227       1262      26962
20150331       5663      32625
20150430      -6400      26225
20150529      -4675      21550
20150630          0      21550
20150731      -2100      19450
20150831      -2100      17350
20150930      -2100      15250
20151030      -2894      12356
20151130       5412      17769
20151231      -3525      14244
20160129        594      14838
20160229      -5312       9525
20160331       1344      10869
20160401         56      10925
------------------------------
------------------------------
Sys Name : Bollinger60Simple
Mkt Symb : BP
Profit/Loss : -2331.25
Num Trades : 23
Percent Wins : 1.348
Avg Win  : 893.35
Avg Loss : -2008.33
Avg Trade: -101.36
MAX DrawDown: 28656.25
------------------------------
20090430          0          0
20090529       6538       6538
20090630       2063       8600
20090731       1400      10000
20090831      -2631       7369
20090930       -906       6463
20091030      -2513       3950
20091130      -2100       1850
20091231          0       1850
20100129          0       1850
20100226       3181       5031
20100331        387       5419
20100430       -619       4800
20100528       4906       9706
20100630      -2912       6794
20100730      -2306       4488
20100831      -2262       2225
20100930       2412       4638
20101029       1912       6550
20101130      -2775       3775
20101231       -919       2856
20110131      -1619       1238
20110228        325       1563
20110331      -1250        313
20110429       4056       4369
20110531      -1569       2800
20110630      -3275       -475
20110729      -1694      -2169
20110831      -2100      -4269
20110930       1375      -2894
20111031      -3475      -6369
20111130          0      -6369
20111230          0      -6369
20120131      -2100      -8469
20120229       -125      -8594
20120330      -1975     -10569
20120430       1331      -9238
20120531      -2450     -11687
20120629      -1700     -13388
20120731        -25     -13412
20120831       -194     -13606
20120928       1631     -11975
20121031        -56     -12031
20121130       -650     -12681
20121231       1381     -11300
20130131      -2594     -13894
20130228       4256      -9638
20130328        -12      -9650
20130430      -2256     -11906
20130531       2162      -9744
20130628      -4669     -14413
20130731      -2100     -16513
20130830          0     -16513
20130930       2269     -14244
20131031       -806     -15050
20131129       1950     -13100
20131231       1300     -11800
20140131       -813     -12613
20140228       2056     -10556
20140331       -531     -11088
20140430       1369      -9719
20140530       -744     -10463
20140630       2163      -8300
20140731      -1369      -9669
20140829      -1344     -11013
20140930       2238      -8775
20141031       1287      -7488
20141128       2300      -5188
20141231        231      -4956
20150130       3231      -1725
20150227      -2394      -4119
20150331       3681       -438
20150430      -3231      -3669
20150529      -3550      -7219
20150630       -687      -7906
20150731      -1413      -9319
20150831          0      -9319
20150930       1363      -7956
20151030      -1931      -9888
20151130       2269      -7619
20151231       2031      -5588
20160129       3075      -2513
20160229       2038       -475
20160331      -2831      -3306
20160401        975      -2331
------------------------------
------------------------------
Sys Name : Bollinger60Simple
Mkt Symb : C2
Profit/Loss : 11862.5
Num Trades : 20
Percent Wins : 1.45
Avg Win  : 1144.83
Avg Loss : -1948.86
Avg Trade: 593.12
MAX DrawDown: 18500.0
------------------------------
20090430          0          0
20090529        738        738
20090630      -1700       -962
20090731        888        -75
20090831        988        912
20090930       -712        200
20091030       -175         25
20091130       1762       1788
20091231       -150       1638
20100129       -525       1112
20100226      -1075         38
20100331       2200       2238
20100430      -1038       1200
20100528        812       2012
20100630        225       2238
20100730      -1562        675
20100831       1625       2300
20100930       2825       5125
20101029       4312       9438
20101130      -2650       6788
20101231       4250      11038
20110131       1525      12562
20110228       3038      15600
20110331      -1888      13712
20110429       2775      16488
20110531       -450      16038
20110630      -2750      13288
20110729      -3112      10175
20110831        100      10275
20110930       -712       9562
20111031      -3588       5975
20111130          0       5975
20111230          0       5975
20120131          0       5975
20120229          0       5975
20120330      -3762       2212
20120430      -1638        575
20120531       3950       4525
20120629      -2975       1550
20120731       8525      10075
20120831       -275       9800
20120928      -6775       3025
20121031       -300       2725
20121130          0       2725
20121231       1325       4050
20130131      -2112       1938
20130228       1450       3388
20130328        412       3800
20130430       1312       5112
20130531       -600       4512
20130628        988       5500
20130731       1600       7100
20130830       -150       6950
20130930       2025       8975
20131031        662       9638
20131129        500      10138
20131231        125      10262
20140131       -600       9662
20140228        425      10088
20140331       1925      12012
20140430        550      12562
20140530      -2112      10450
20140630       2312      12762
20140731       2912      15675
20140829        112      15788
20140930       2200      17988
20141031      -2800      15188
20141128       -925      14262
20141231        412      14675
20150130      -1350      13325
20150227       -762      12562
20150331        850      13412
20150430        800      14212
20150529        738      14950
20150630       -800      14150
20150731      -2588      11562
20150831       -738      10825
20150930          0      10825
20151030          0      10825
20151130       -112      10712
20151231        675      11388
20160129       -662      10725
20160229        988      11712
20160331        275      11988
20160401       -125      11862
------------------------------
------------------------------
Sys Name : Bollinger60Simple
Mkt Symb : CC
Profit/Loss : -20590.0
Num Trades : 26
Percent Wins : 1.231
Avg Win  : 326.56
Avg Loss : -1557.0
Avg Trade: -791.92
MAX DrawDown: 26750.0
------------------------------
20090430          0          0
20090529          0          0
20090630      -2100      -2100
20090731        670      -1430
20090831      -1310      -2740
20090930       3460        720
20091030       1570       2290
20091130       -890       1400
20091231        300       1700
20100129      -1050        650
20100226       1680       2330
20100331       -520       1810
20100430      -2530       -720
20100528      -2180      -2900
20100630          0      -2900
20100730          0      -2900
20100831       -790      -3690
20100930       -780      -4470
20101029        170      -4300
20101130      -2390      -6690
20101231       2280      -4410
20110131       3170      -1240
20110228       3220       1980
20110331      -7430      -5450
20110429       3770      -1680
20110531      -3410      -5090
20110630       1620      -3470
20110729      -1770      -5240
20110831       1150      -4090
20110930       -550      -4640
20111031       -880      -5520
20111130       4170      -1350
20111230       1960        610
20120131      -1820      -1210
20120229      -3100      -4310
20120330       -790      -5100
20120430       -620      -5720
20120531      -1220      -6940
20120629      -2360      -9300
20120731      -2140     -11440
20120831       2280      -9160
20120928       -940     -10100
20121031      -1280     -11380
20121130       1100     -10280
20121231       -860     -11140
20130131        310     -10830
20130228        680     -10150
20130328       -350     -10500
20130430       -310     -10810
20130531      -1770     -12580
20130628       -890     -13470
20130731      -1880     -15350
20130830        -10     -15360
20130930       2040     -13320
20131031        370     -12950
20131129        870     -12080
20131231       -790     -12870
20140131      -2200     -15070
20140228        330     -14740
20140331        -20     -14760
20140430        170     -14590
20140530      -2090     -16680
20140630        530     -16150
20140731        920     -15230
20140829        260     -14970
20140930        710     -14260
20141031      -2210     -16470
20141128        580     -15890
20141231       -670     -16560
20150130       2170     -14390
20150227      -3160     -17550
20150331       3170     -14380
20150430      -2500     -16880
20150529       -920     -17800
20150630       1810     -15990
20150731       -600     -16590
20150831      -2380     -18970
20150930      -1580     -20550
20151030          0     -20550
20151130       -240     -20790
20151231      -1280     -22070
20160129       2560     -19510
20160229      -1820     -21330
20160331         50     -21280
20160401        690     -20590
------------------------------
------------------------------
Sys Name : Bollinger60Simple
Mkt Symb : CD
Profit/Loss : -21080.0
Num Trades : 33
Percent Wins : 1.182
Avg Win  : 656.67
Avg Loss : -1732.96
Avg Trade: -638.79
MAX DrawDown: 44800.0
------------------------------
20090430        550        550
20090529       7590       8140
20090630      -5380       2760
20090731       6600       9360
20090831      -1350       8010
20090930       2270      10280
20091030      -1020       9260
20091130       1980      11240
20091231       1020      12260
20100129      -2120      10140
20100226      -2780       7360
20100331        680       8040
20100430       -170       7870
20100528      -4740       3130
20100630      -2070       1060
20100730          0       1060
20100831      -1770       -710
20100930      -2430      -3140
20101029      -2100      -5240
20101130      -2100      -7340
20101231      -1680      -9020
20110131       -660      -9680
20110228       3160      -6520
20110331        320      -6200
20110429       2560      -3640
20110531      -2440      -6080
20110630      -4110     -10190
20110729       -620     -10810
20110831      -3580     -14390
20110930       3460     -10930
20111031      -4890     -15820
20111130       2490     -13330
20111230       -390     -13720
20120131      -2120     -15840
20120229       1480     -14360
20120330       -810     -15170
20120430       1070     -14100
20120531        600     -13500
20120629      -1570     -15070
20120731      -1460     -16530
20120831       1080     -15450
20120928        270     -15180
20121031      -1610     -16790
20121130      -1420     -18210
20121231      -1050     -19260
20130131      -2970     -22230
20130228       3120     -19110
20130328      -1390     -20500
20130430       -930     -21430
20130531      -2680     -24110
20130628      -1070     -25180
20130731      -2410     -27590
20130830       2530     -25060
20130930      -3630     -28690
20131031      -1420     -30110
20131129        560     -29550
20131231        -70     -29620
20140131       4140     -25480
20140228       -560     -26040
20140331       -230     -26270
20140430      -1310     -27580
20140530        930     -26650
20140630       1600     -25050
20140731      -1950     -27000
20140829        310     -26690
20140930       -400     -27090
20141031        480     -26610
20141128       1200     -25410
20141231       1240     -24170
20150130       7160     -17010
20150227      -1070     -18080
20150331        860     -17220
20150430       -840     -18060
20150529      -2350     -20410
20150630       -230     -20640
20150731       1640     -19000
20150831        480     -18520
20150930        970     -17550
20151030      -4710     -22260
20151130          0     -22260
20151231       1730     -20530
20160129        960     -19570
20160229      -2650     -22220
20160331       1440     -20780
20160401       -300     -21080
------------------------------
------------------------------
Sys Name : Bollinger60Simple
Mkt Symb : CL
Profit/Loss : 15340.0
Num Trades : 39
Percent Wins : 1.179
Avg Win  : 1773.7
Avg Loss : -2073.44
Avg Trade: 393.33
MAX DrawDown: 54600.0
------------------------------
20090430          0          0
20090529       1480       1480
20090630       3110       4590
20090731     -10890      -6300
20090831          0      -6300
20090930          0      -6300
20091030       1210      -5090
20091130      -3310      -8400
20091231          0      -8400
20100129          0      -8400
20100226      -2100     -10500
20100331          0     -10500
20100430      -2100     -12600
20100528       6760      -5840
20100630       -580      -6420
20100730      -2960      -9380
20100831      -7230     -16610
20100930      -1940     -18550
20101029      -2100     -20650
20101130      -2100     -22750
20101231      -4200     -26950
20110131      -2100     -29050
20110228        350     -28700
20110331       8970     -19730
20110429       6640     -13090
20110531     -18060     -31150
20110630       -830     -31980
20110729      -1270     -33250
20110831       3240     -30010
20110930       9720     -20290
20111031     -16110     -36400
20111130       3710     -32690
20111230      -1700     -34390
20120131       -500     -34890
20120229       8230     -26660
20120330      -4520     -31180
20120430       1400     -29780
20120531       9250     -20530
20120629       1890     -18640
20120731      -2790     -21430
20120831      -9860     -31290
20120928          0     -31290
20121031       1950     -29340
20121130      -2250     -31590
20121231      -1800     -33390
20130131       3510     -29880
20130228      -5610     -35490
20130328          0     -35490
20130430      -2100     -37590
20130531          0     -37590
20130628          0     -37590
20130731       5540     -32050
20130830       2790     -29260
20130930      -6150     -35410
20131031       1730     -33680
20131129       4210     -29470
20131231      -5450     -34920
20140131       1150     -33770
20140228      -1950     -35720
20140331      -3890     -39610
20140430      -2100     -41710
20140530       -950     -42660
20140630       -360     -43020
20140731      -3280     -46300
20140829       -450     -46750
20140930       4040     -42710
20141031       9930     -32780
20141128      14420     -18360
20141231      13130      -5230
20150130       5470        240
20150227       -840       -600
20150331       4150       3550
20150430     -10820      -7270
20150529      -4200     -11470
20150630          0     -11470
20150731       8070      -3400
20150831      -1580      -4980
20150930       4450       -530
20151030      -1040      -1570
20151130       6140       4570
20151231       5930      10500
20160129       4390      14890
20160229       2030      16920
20160331      -3130      13790
20160401       1550      15340
------------------------------
------------------------------
Sys Name : Bollinger60Simple
Mkt Symb : CT
Profit/Loss : 17150.0
Num Trades : 28
Percent Wins : 1.25
Avg Win  : 1637.0
Avg Loss : -1916.43
Avg Trade: 612.5
MAX DrawDown: 43415.0
------------------------------
20090430        385        385
20090529       1310       1695
20090630      -3795      -2100
20090731          0      -2100
20090831      -2100      -4200
20090930          0      -4200
20091030       1025      -3175
20091130       1480      -1695
20091231        460      -1235
20100129      -2285      -3520
20100226       -800      -4320
20100331       -955      -5275
20100430        980      -4295
20100528      -2040      -6335
20100630      -2620      -8955
20100730      -2100     -11055
20100831       2485      -8570
20100930       7860       -710
20101029      11670      10960
20101130      -1900       9060
20101231      13735      22795
20110131      11815      34610
20110228      12440      47050
20110331       4500      51550
20110429     -17775      33775
20110531      -4200      29575
20110630          0      29575
20110729       3625      33200
20110831      -2020      31180
20110930      -3705      27475
20111031          0      27475
20111130          0      27475
20111230      -1440      26035
20120131       -660      25375
20120229          0      25375
20120330          0      25375
20120430          0      25375
20120531       7280      32655
20120629      -2230      30425
20120731         -5      30420
20120831      -4130      26290
20120928      -2465      23825
20121031      -2100      21725
20121130          0      21725
20121231          0      21725
20130131       2555      24280
20130228        475      24755
20130328       1585      26340
20130430      -1530      24810
20130531       -865      23945
20130628      -3745      20200
20130731          0      20200
20130830      -2100      18100
20130930          0      18100
20131031       1315      19415
20131129       -775      18640
20131231      -2640      16000
20140131        -50      15950
20140228        415      16365
20140331       3190      19555
20140430       -300      19255
20140530      -1590      17665
20140630       -490      17175
20140731       5320      22495
20140829      -1850      20645
20140930       2600      23245
20141031      -1540      21705
20141128       1300      23005
20141231        -95      22910
20150130        455      23365
20150227       -385      22980
20150331       -915      22065
20150430       2225      24290
20150529      -1765      22525
20150630       1570      24095
20150731      -1850      22245
20150831      -2930      19315
20150930        315      19630
20151030      -1440      18190
20151130        775      18965
20151231      -2300      16665
20160129       -425      16240
20160229       2260      18500
20160331       -970      17530
20160401       -380      17150
------------------------------
