Testing from : 20090422 to: 20160401
---------------------------------------------------------------------------------
SysName         Market TotProfit  MaxDD ClsTrdDD AvgWin AvgLoss PerWins TotTrades
Bollinger60S... CU         10925  45643   30606   1684   -2076    1.20        30
Bollinger60S... BP         -2331  28656   22562    893   -2008    1.35        23
Bollinger60S... C2         11862  18500   12912   1144   -1948    1.45        20
Bollinger60S... CC        -20590  26750   22650    326   -1557    1.23        26
Bollinger60S... CD        -21080  44800   39570    656   -1732    1.18        33
Bollinger60S... CL         15340  54600   45909   1773   -2073    1.18        39
Bollinger60S... CT         17150  43414   20009   1637   -1916    1.25        28
---------------------------------------------------------------------------------
Totals                     11276 144912
-------------------------------------------------------------------
Combined Monthly Return
Date         Profit Cum.Profit
-------------------------------------------------------------------
20090430        935        935
20090529      20861      21796
20090630      -8777      13019
20090731       1343      14361
20090831      -5454       8908
20090930       8049      16956
20091030       1110      18066
20091130       2235      20301
20091231      -1720      18581
20100129       -118      18464
20100226       1156      19620
20100331       3155      22775
20100430      -2951      19824
20100528      15819      35643
20100630      -6895      28748
20100730     -19929       8819
20100831      -9630       -811
20100930      12060      11249
20101029      17040      28289
20101130     -23302       4986
20101231      13466      18453
20110131      12131      30584
20110228      22532      53116
20110331       1604      54720
20110429      10014      64734
20110531     -40697      24036
20110630      -9345      14691
20110729      -6941       7750
20110831      -3210       4540
20110930      17106      21646
20111031     -38561     -16915
20111130       8270      -8645
20111230        693      -7953
20120131      -8675     -16628
20120229       3597     -13030
20120330     -11858     -24888
20120430       1544     -23344
20120531      25379       2035
20120629     -12570     -10535
20120731       6543      -3993
20120831     -14461     -18454
20120928      -8791     -27245
20121031      -2084     -29329
20121130      -2807     -32136
20121231       1459     -30678
20130131       3324     -27354
20130228      -2041     -29395
20130328      -4324     -33719
20130430      -7657     -41376
20130531      -5852     -47229
20130628     -11486     -58715
20130731      -1350     -60065
20130830       3060     -57005
20130930      -3228     -60233
20131031       2664     -57569
20131129       4184     -53385
20131231     -10375     -63760
20140131        278     -63483
20140228        766     -62716
20140331       -144     -62860
20140430       -421     -63281
20140530      -8831     -72113
20140630       5005     -67108
20140731       6379     -60729
20140829        251     -60478
20140930      17750     -42728
20141031       6460     -36267
20141128      20050     -16218
20141231      18449       2231
20150130      27274      29505
20150227      -7349      22156
20150331      17459      39615
20150430     -20766      18849
20150529     -16722       2126
20150630       1663       3789
20150731       1160       4949
20150831      -9248      -4299
20150930       3418       -881
20151030     -12015     -12896
20151130      14244       1348
20151231       3261       4609
20160129      10491      15100
20160229      -2467      12633
20160331      -3823       8810
20160401       2466      11276
