------------------------------
Sys Name : BollingerBandSys
Mkt Symb : CL
20000512      BollBuy  1  88.85225       0.00       0.00
20000731      LXC<AVG  1  90.15000    1197.75    1197.75
20000814      BollBuy  1  94.70518       0.00       0.00
20001201      LXC<AVG  1  97.43000    2624.82    3822.57
20001206     BollShrt  1  94.77225       0.00       0.00
20010116      SXC>AVG  1  96.87000   -2197.75    1624.82
20010521      BollBuy  1  97.50601       0.00       0.00
20010524      LXC<AVG  1  95.43000   -2176.01    -551.19
20010620     BollShrt  1  94.11643       0.00       0.00
20010802      SXC>AVG  1  94.58000    -563.57   -1114.76
20010907      BollBuy  1  95.96057       0.00       0.00
20010921      LXC<AVG  1  93.52000   -2540.57   -3655.33
20010924     BollShrt  1  92.02127       0.00       0.00
20011226      SXC>AVG  1  87.90000    4021.27     365.94
20020301      BollBuy  1  88.09589       0.00       0.00
20020528      LXC<AVG  1  91.27000    3074.11    3440.05
20020715      BollBuy  1  93.68738       0.00       0.00
20020723      LXC<AVG  1  91.93000   -1857.38    1582.67
20020814      BollBuy  1  93.81063       0.00       0.00
20021021      LXC<AVG  1  94.42000     509.37    2092.04
20021030     BollShrt  1  92.74126       0.00       0.00
20021210      SXC>AVG  1  94.62000   -1978.74     113.30
20021218      BollBuy  1  97.60454       0.00       0.00
20030318      LXC<AVG  1 101.68000    3975.46    4088.76
20030606      BollBuy  1 105.31756       0.00       0.00
20030902      LXC<AVG  1 105.55000     132.44    4221.20
20030912     BollShrt  1 104.13024       0.00       0.00
20031003      SXC>AVG  1 106.42000   -2389.76    1831.44
20031118      BollBuy  1 108.76197       0.00       0.00
20040401      LXC<AVG  1 112.54000    3678.03    5509.46
20040504      BollBuy  1 117.41096       0.00       0.00
20040608      LXC<AVG  1 116.10000   -1410.96    4098.51
20040728      BollBuy  1 121.30600       0.00       0.00
20041109      LXC<AVG  1 127.40000    5994.00   10092.50
20041203     BollShrt  1 121.99538       0.00       0.00
20041217     S-MMLoss  1 125.99000   -4094.62    5997.89
20050222      BollBuy  1 130.26481       0.00       0.00
20050412      LXC<AVG  1 130.14000    -224.81    5773.08
20050512     BollShrt  1 125.63024       0.00       0.00
20050601     S-MMLoss  1 129.43000   -3899.76    1873.32
20050706      BollBuy  1 134.74380       0.00       0.00
20050707     L-MMLoss  1 131.74380   -3100.00   -1226.68
20050708      BollBuy  1 135.22126       0.00       0.00
20050711     L-MMLoss  1 132.22126   -3100.00   -4326.68
20050810      BollBuy  1 137.80127       0.00       0.00
20050916      LXC<AVG  1 135.38000   -2521.27   -6847.95
20051020     BollShrt  1 132.34416       0.00       0.00
20051230      SXC>AVG  1 132.16000      84.16   -6763.80
20060112      BollBuy  1 136.04014       0.00       0.00
20060208     L-MMLoss  1 133.04014   -3100.00   -9863.80
20060419      BollBuy  1 139.30690       0.00       0.00
20060428     L-MMLoss  1 136.30690   -3100.00  -12963.80
20060502      BollBuy  1 140.10706       0.00       0.00
20060504     L-MMLoss  1 137.10706   -3100.00  -16063.80
20060713      BollBuy  1 140.57738       0.00       0.00
20060719     L-MMLoss  1 137.57738   -3100.00  -19163.80
20060817     BollShrt  1 133.45016       0.00       0.00
20061214      SXC>AVG  1 119.86000   13490.16   -5673.64
20070103     BollShrt  1 116.45098       0.00       0.00
20070222      SXC>AVG  1 115.92000     430.98   -5242.66
20070327      BollBuy  1 118.67543       0.00       0.00
20070409     L-MMLoss  1 115.67543   -3100.00   -8342.66
20070615      BollBuy  1 118.68967       0.00       0.00
20070821      LXC<AVG  1 119.60000     810.33   -7532.33
20070910      BollBuy  1 127.80421       0.00       0.00
20080115      LXC<AVG  1 145.38000   17475.79    9943.46
20080122     BollShrt  1 140.39722       0.00       0.00
20080124     S-MMLoss  1 143.54000   -3242.78    6700.68
20080219      BollBuy  1 152.67543       0.00       0.00
20080717      LXC<AVG  1 185.16000   32384.57   39085.25
20080804     BollShrt  1 174.76154       0.00       0.00
20090316      SXC>AVG  1  87.17000   87491.54  126576.78
20090507      BollBuy  1  95.36266       0.00       0.00
20090708      LXC<AVG  1  96.03000     567.34  127144.13
20091014      BollBuy  1 108.18926       0.00       0.00
20091127     L-MMLoss  1 105.18926   -3100.00  124044.13
20100205     BollShrt  1 101.16122       0.00       0.00
20100210     S-MMLoss  1 104.60000   -3538.78  120505.35
20100405      BollBuy  1 115.46020       0.00       0.00
20100413     L-MMLoss  1 112.46020   -3100.00  117405.35
20100506     BollShrt  1 105.55247       0.00       0.00
20100722      SXC>AVG  1 102.68000    2772.47  120177.82
20100802      BollBuy  1 105.09921       0.00       0.00
20100811     L-MMLoss  1 102.09921   -3100.00  117077.82
20100824     BollShrt  1  95.20360       0.00       0.00
20100910     S-MMLoss  1  99.47000   -4366.40  112711.42
20101006      BollBuy  1 105.52025       0.00       0.00
20101008     L-MMLoss  1 102.52025   -3100.00  109611.42
20101104      BollBuy  1 106.54293       0.00       0.00
20101116     L-MMLoss  1 103.54293   -3100.00  106511.42
20101203      BollBuy  1 109.54267       0.00       0.00
20110124     L-MMLoss  1 106.54267   -3100.00  103411.42
20110222      BollBuy  1 113.06043       0.00       0.00
20110505      LXC<AVG  1 114.90000    1739.57  105150.99
20110615     BollShrt  1 108.86781       0.00       0.00
20110707     S-MMLoss  1 112.94000   -4172.19  100978.80
20110803     BollShrt  1 105.81485       0.00       0.00
20111018      SXC>AVG  1 101.99000    3724.85  104703.65
20111025      BollBuy  1 106.95056       0.00       0.00
20111026     L-MMLoss  1 103.95056   -3100.00  101603.65
20111027      BollBuy  1 106.44342       0.00       0.00
20111101     L-MMLoss  1 103.44342   -3100.00   98503.65
20111103      BollBuy  1 107.69945       0.00       0.00
20120130      LXC<AVG  1 111.81000    4010.55  102514.19
20120217      BollBuy  1 116.59406       0.00       0.00
20120329      LXC<AVG  1 114.98000   -1714.06  100800.14
20120504     BollShrt  1 111.98877       0.00       0.00
20120719      SXC>AVG  1 103.80000    8088.77  108888.91
20120816      BollBuy  1 106.54846       0.00       0.00
20120919     L-MMLoss  1 103.54846   -3100.00  105788.91
20121023     BollShrt  1  98.02711       0.00       0.00
20121219      SXC>AVG  1  98.92000    -992.89  104796.01
20130102      BollBuy  1 102.43702       0.00       0.00
20130221      LXC<AVG  1 100.86000   -1677.02  103118.99
20130412     BollShrt  1  98.05196       0.00       0.00
20130429     S-MMLoss  1 101.88000   -3928.04   99190.95
20130702      BollBuy  1 106.64542       0.00       0.00
20130923      LXC<AVG  1 111.71000    4964.58  104155.53
20130930     BollShrt  1 109.69659       0.00       0.00
20131219      SXC>AVG  1 106.06000    3536.59  107692.12
20140109     BollShrt  1  98.54451       0.00       0.00
20140121     S-MMLoss  1 101.77000   -3325.49  104366.63
20140212      BollBuy  1 107.92224       0.00       0.00
20140312     L-MMLoss  1 104.92224   -3100.00  101266.63
20140416      BollBuy  1 112.75602       0.00       0.00
20140425     L-MMLoss  1 109.75602   -3100.00   98166.63
20140521      BollBuy  1 112.82120       0.00       0.00
20140709      LXC<AVG  1 111.84000   -1081.20   97085.43
20140731     BollShrt  1 108.51639       0.00       0.00
20150326      SXC>AVG  1  62.88000   45536.39  142621.82
20150415      BollBuy  1  67.66990       0.00       0.00
20150629      LXC<AVG  1  67.03000    -739.90  141881.92
20150706     BollShrt  1  63.60000       0.00       0.00
20151006      SXC>AVG  1  56.10000    7400.00  149281.92
20151113     BollShrt  1  48.13510       0.00       0.00
20160304      SXC>AVG  1  37.38000   10655.10  159937.02
