------------------------------
Sys Name : Bollinger60Simple
Mkt Symb : CU
20090521     Boll Buy  1   1.39680       0.00       0.00
20091215   RevLongLiq  1   1.46415    8318.75    8318.75
20091215   Boll Short  1   1.46415       0.00       0.00
20100729   RevShrtLiq  1   1.31915   18025.00   26343.75
20100729     Boll Buy  1   1.31915       0.00       0.00
20100811     L-MMLoss  1   1.30315   -2100.00   24243.75
20100922     Boll Buy  1   1.34135       0.00       0.00
20101129     L-MMLoss  1   1.32535   -2100.00   22143.75
20110303     Boll Buy  1   1.40565       0.00       0.00
20110310     L-MMLoss  1   1.38965   -2100.00   20043.75
20110318     Boll Buy  1   1.42750       0.00       0.00
20110523     L-MMLoss  1   1.41150   -2100.00   17943.75
20110712   Boll Short  1   1.41065       0.00       0.00
20110713     S-MMLoss  1   1.42665   -2100.00   15843.75
20110906   Boll Short  1   1.42010       0.00       0.00
20111027     S-MMLoss  1   1.43610   -2100.00   13743.75
20111125   Boll Short  1   1.34000       0.00       0.00
20111128     S-MMLoss  1   1.35600   -2100.00   11643.75
20111213   Boll Short  1   1.33225       0.00       0.00
20120209     S-MMLoss  1   1.34825   -2100.00    9543.75
20120507   Boll Short  1   1.31730       0.00       0.00
20120907   RevShrtLiq  1   1.28910    3425.00   12968.75
20120907     Boll Buy  1   1.28910       0.00       0.00
20130318   RevLongLiq  1   1.30325    1668.75   14637.50
20130318   Boll Short  1   1.30325       0.00       0.00
20130325     S-MMLoss  1   1.31925   -2100.00   12537.50
20130327   Boll Short  1   1.29310       0.00       0.00
20130405     S-MMLoss  1   1.30910   -2100.00   10437.50
20130517   Boll Short  1   1.29500       0.00       0.00
20130522     S-MMLoss  1   1.31100   -2100.00    8337.50
20130606     Boll Buy  1   1.33250       0.00       0.00
20130626     L-MMLoss  1   1.31650   -2100.00    6237.50
20130705   Boll Short  1   1.29350       0.00       0.00
20130710     S-MMLoss  1   1.30950   -2100.00    4137.50
20130918     Boll Buy  1   1.36280       0.00       0.00
20131107     L-MMLoss  1   1.34680   -2100.00    2037.50
20131210     Boll Buy  1   1.39065       0.00       0.00
20131220     L-MMLoss  1   1.37465   -2100.00     -62.50
20131227     Boll Buy  1   1.39685       0.00       0.00
20140102     L-MMLoss  1   1.38085   -2100.00   -2162.50
20140228     Boll Buy  1   1.39385       0.00       0.00
20140515     L-MMLoss  1   1.37785   -2100.00   -4262.50
20140515   Boll Short  1   1.37945       0.00       0.00
20150515   RevShrtLiq  1   1.15535   27912.50   23650.00
20150515     Boll Buy  1   1.15535       0.00       0.00
20150518     L-MMLoss  1   1.13935   -2100.00   21550.00
20150720   Boll Short  1   1.09115       0.00       0.00
20150723     S-MMLoss  1   1.10715   -2100.00   19450.00
20150821     Boll Buy  1   1.14675       0.00       0.00
20150827     L-MMLoss  1   1.13075   -2100.00   17350.00
20150917     Boll Buy  1   1.15015       0.00       0.00
20150921     L-MMLoss  1   1.13415   -2100.00   15250.00
20151014     Boll Buy  1   1.15545       0.00       0.00
20151019     L-MMLoss  1   1.13945   -2100.00   13150.00
20151028   Boll Short  1   1.10040       0.00       0.00
20160203   RevShrtLiq  1   1.11180   -1525.00   11625.00
20160203     Boll Buy  1   1.11180       0.00       0.00
20160226     L-MMLoss  1   1.09580   -2100.00    9525.00
20160317     Boll Buy  1   1.13045       0.00       0.00
20160401        L-EOD  1   1.14165    1300.00   10825.00
------------------------------
Sys Name : Bollinger60Simple
Mkt Symb : BP
20090505     Boll Buy  1   1.48480       0.00       0.00
20090924   RevLongLiq  1   1.58320    6050.00    6050.00
20090924   Boll Short  1   1.58320       0.00       0.00
20091016     S-MMLoss  1   1.61520   -2100.00    3950.00
20091109     Boll Buy  1   1.65540       0.00       0.00
20091120     L-MMLoss  1   1.62340   -2100.00    1850.00
20100204   Boll Short  1   1.55270       0.00       0.00
20100726   RevShrtLiq  1   1.52810    1437.50    3287.50
20100726     Boll Buy  1   1.52810       0.00       0.00
20101217   RevLongLiq  1   1.53050      50.00    3337.50
20101217   Boll Short  1   1.53050       0.00       0.00
20110113     S-MMLoss  1   1.56250   -2100.00    1237.50
20110202     Boll Buy  1   1.60170       0.00       0.00
20110623   RevLongLiq  1   1.58240   -1306.25     -68.75
20110623   Boll Short  1   1.58240       0.00       0.00
20110721     S-MMLoss  1   1.61440   -2100.00   -2168.75
20110817     Boll Buy  1   1.63680       0.00       0.00
20110826     L-MMLoss  1   1.60480   -2100.00   -4268.75
20110909   Boll Short  1   1.56820       0.00       0.00
20111031     S-MMLoss  1   1.60020   -2100.00   -6368.75
20120112   Boll Short  1   1.51370       0.00       0.00
20120123     S-MMLoss  1   1.54570   -2100.00   -8468.75
20120229     Boll Buy  1   1.58050       0.00       0.00
20120312     L-MMLoss  1   1.54850   -2100.00  -10568.75
20120418     Boll Buy  1   1.58910       0.00       0.00
20120523     L-MMLoss  1   1.55710   -2100.00  -12668.75
20120530   Boll Short  1   1.54430       0.00       0.00
20120821   RevShrtLiq  1   1.56700   -1518.75  -14187.50
20120821     Boll Buy  1   1.56700       0.00       0.00
20130118   RevLongLiq  1   1.57390     331.25  -13856.25
20130118   Boll Short  1   1.57390       0.00       0.00
20130606   RevShrtLiq  1   1.54760    1543.75  -12312.50
20130606     Boll Buy  1   1.54760       0.00       0.00
20130627     L-MMLoss  1   1.51560   -2100.00  -14412.50
20130705   Boll Short  1   1.49160       0.00       0.00
20130722     S-MMLoss  1   1.52360   -2100.00  -16512.50
20130911     Boll Buy  1   1.57350       0.00       0.00
20140819   RevLongLiq  1   1.65730    5137.50  -11375.00
20140819   Boll Short  1   1.65730       0.00       0.00
20150511   RevShrtLiq  1   1.55560    6256.25   -5118.75
20150511     Boll Buy  1   1.55560       0.00       0.00
20150529     L-MMLoss  1   1.52360   -2100.00   -7218.75
20150617     Boll Buy  1   1.58310       0.00       0.00
20150707     L-MMLoss  1   1.55110   -2100.00   -9318.75
20150901   Boll Short  1   1.53350       0.00       0.00
20160401        S-EOD  1   1.42170    6887.50   -2431.25
------------------------------
Sys Name : Bollinger60Simple
Mkt Symb : C2
20090508     Boll Buy  1 360.50000       0.00       0.00
20090622     L-MMLoss  1 320.50000   -2100.00   -2100.00
20090630   Boll Short  1 309.00000       0.00       0.00
20091006   RevShrtLiq  1 274.75000    1612.50    -487.50
20091006     Boll Buy  1 274.75000       0.00       0.00
20100113   RevLongLiq  1 284.00000     362.50    -125.00
20100113   Boll Short  1 284.00000       0.00       0.00
20100715   RevShrtLiq  1 268.00000     700.00     575.00
20100715     Boll Buy  1 268.00000       0.00       0.00
20110623   RevLongLiq  1 504.00000   11700.00   12275.00
20110623   Boll Short  1 504.00000       0.00       0.00
20110713     S-MMLoss  1 544.00000   -2100.00   10175.00
20110826     Boll Buy  1 628.75000       0.00       0.00
20110913     L-MMLoss  1 588.75000   -2100.00    8075.00
20110930   Boll Short  1 485.50000       0.00       0.00
20111021     S-MMLoss  1 525.50000   -2100.00    5975.00
20120316     Boll Buy  1 526.00000       0.00       0.00
20120327     L-MMLoss  1 486.00000   -2100.00    3875.00
20120329   Boll Short  1 463.25000       0.00       0.00
20120402     S-MMLoss  1 503.25000   -2100.00    1775.00
20120417   Boll Short  1 470.50000       0.00       0.00
20120625   RevShrtLiq  1 516.75000   -2412.50    -637.50
20120625     Boll Buy  1 516.75000       0.00       0.00
20120928   RevLongLiq  1 637.00000    5912.50    5275.00
20120928   Boll Short  1 637.00000       0.00       0.00
20121001     S-MMLoss  1 686.00000   -2550.00    2725.00
20121211   Boll Short  1 646.50000       0.00       0.00
20140204   RevShrtLiq  1 514.25000    6512.50    9237.50
20140204     Boll Buy  1 514.25000       0.00       0.00
20140527   RevLongLiq  1 534.00000     887.50   10125.00
20140527   Boll Short  1 534.00000       0.00       0.00
20141112   RevShrtLiq  1 440.50000    4575.00   14700.00
20141112     Boll Buy  1 440.50000       0.00       0.00
20150129   RevLongLiq  1 414.00000   -1425.00   13275.00
20150129   Boll Short  1 414.00000       0.00       0.00
20150629   RevShrtLiq  1 419.00000    -350.00   12925.00
20150629     Boll Buy  1 419.00000       0.00       0.00
20150812     L-MMLoss  1 379.00000   -2100.00   10825.00
20151110   Boll Short  1 374.75000       0.00       0.00
20160401        S-EOD  1 354.00000     937.50   11762.50
------------------------------
Sys Name : Bollinger60Simple
Mkt Symb : CC
20090603     Boll Buy  1 3123.00000       0.00       0.00
20090617     L-MMLoss  1 2923.00000   -2100.00   -2100.00
20090720     Boll Buy  1 3212.00000       0.00       0.00
20100202   RevLongLiq  1 3425.00000    2030.00     -70.00
20100202   Boll Short  1 3425.00000       0.00       0.00
20100426   RevShrtLiq  1 3488.00000    -730.00    -800.00
20100426     Boll Buy  1 3488.00000       0.00       0.00
20100507     L-MMLoss  1 3288.00000   -2100.00   -2900.00
20100804     Boll Buy  1 3381.00000       0.00       0.00
20100810     L-MMLoss  1 3181.00000   -2100.00   -5000.00
20100811   Boll Short  1 3080.00000       0.00       0.00
20101118   RevShrtLiq  1 3116.00000    -460.00   -5460.00
20101118     Boll Buy  1 3116.00000       0.00       0.00
20110914   RevLongLiq  1 2978.00000   -1480.00   -6940.00
20110914   Boll Short  1 2978.00000       0.00       0.00
20120223   RevShrtLiq  1 2574.00000    3940.00   -3000.00
20120223     Boll Buy  1 2574.00000       0.00       0.00
20120306     L-MMLoss  1 2374.00000   -2100.00   -5100.00
20120403   Boll Short  1 2260.00000       0.00       0.00
20120503     S-MMLoss  1 2460.00000   -2100.00   -7200.00
20120523   Boll Short  1 2212.00000       0.00       0.00
20120629     S-MMLoss  1 2412.00000   -2100.00   -9300.00
20120705     Boll Buy  1 2491.00000       0.00       0.00
20120717     L-MMLoss  1 2291.00000   -2100.00  -11400.00
20120731     Boll Buy  1 2498.00000       0.00       0.00
20121220   RevLongLiq  1 2441.00000    -670.00  -12070.00
20121220   Boll Short  1 2441.00000       0.00       0.00
20130416   RevShrtLiq  1 2385.00000     460.00  -11610.00
20130416     Boll Buy  1 2385.00000       0.00       0.00
20130624   RevLongLiq  1 2231.00000   -1640.00  -13250.00
20130624   Boll Short  1 2231.00000       0.00       0.00
20130718     S-MMLoss  1 2431.00000   -2100.00  -15350.00
20130807     Boll Buy  1 2510.00000       0.00       0.00
20140102   RevLongLiq  1 2700.00000    1800.00  -13550.00
20140102   Boll Short  1 2700.00000       0.00       0.00
20140127   RevShrtLiq  1 2901.00000   -2110.00  -15660.00
20140127     Boll Buy  1 2901.00000       0.00       0.00
20140502   RevLongLiq  1 2937.00000     260.00  -15400.00
20140502   Boll Short  1 2937.00000       0.00       0.00
20140527   RevShrtLiq  1 3077.00000   -1500.00  -16900.00
20140527     Boll Buy  1 3077.00000       0.00       0.00
20141027   RevLongLiq  1 3035.00000    -520.00  -17420.00
20141027   Boll Short  1 3035.00000       0.00       0.00
20150512   RevShrtLiq  1 3093.00000    -680.00  -18100.00
20150512     Boll Buy  1 3093.00000       0.00       0.00
20150807   RevLongLiq  1 3068.00000    -350.00  -18450.00
20150807   Boll Short  1 3068.00000       0.00       0.00
20150909     S-MMLoss  1 3268.00000   -2100.00  -20550.00
20151113     Boll Buy  1 3375.00000       0.00       0.00
20160104     L-MMLoss  1 3175.00000   -2100.00  -22650.00
20160105   Boll Short  1 3087.00000       0.00       0.00
20160401        S-EOD  1 2881.00000    1960.00  -20690.00
------------------------------
Sys Name : Bollinger60Simple
Mkt Symb : CD
20090429     Boll Buy  1   0.79410       0.00       0.00
20100205   RevLongLiq  1   0.88970    9460.00    9460.00
20100205   Boll Short  1   0.88970       0.00       0.00
20100211     S-MMLoss  1   0.90970   -2100.00    7360.00
20100310     Boll Buy  1   0.93880       0.00       0.00
20100506     L-MMLoss  1   0.91880   -2100.00    5260.00
20100506   Boll Short  1   0.90570       0.00       0.00
20100507     S-MMLoss  1   0.92570   -2100.00    3160.00
20100519   Boll Short  1   0.91150       0.00       0.00
20100610     S-MMLoss  1   0.93150   -2100.00    1060.00
20100805     Boll Buy  1   0.94690       0.00       0.00
20100810     L-MMLoss  1   0.92690   -2100.00   -1040.00
20100824   Boll Short  1   0.90110       0.00       0.00
20100903     S-MMLoss  1   0.92110   -2100.00   -3140.00
20101006     Boll Buy  1   0.94850       0.00       0.00
20101019     L-MMLoss  1   0.92850   -2100.00   -5240.00
20101105     Boll Buy  1   0.96240       0.00       0.00
20101116     L-MMLoss  1   0.94240   -2100.00   -7340.00
20101203     Boll Buy  1   0.96260       0.00       0.00
20101221     L-MMLoss  1   0.94260   -2100.00   -9440.00
20101228     Boll Buy  1   0.96510       0.00       0.00
20110616   RevLongLiq  1   0.97960    1350.00   -8090.00
20110616   Boll Short  1   0.97960       0.00       0.00
20110630     S-MMLoss  1   0.99960   -2100.00  -10190.00
20110719     Boll Buy  1   1.02110       0.00       0.00
20110804     L-MMLoss  1   1.00110   -2100.00  -12290.00
20110808   Boll Short  1   0.97440       0.00       0.00
20110829     S-MMLoss  1   0.99440   -2100.00  -14390.00
20110921   Boll Short  1   0.96190       0.00       0.00
20120126   RevShrtLiq  1   0.97240   -1150.00  -15540.00
20120126     Boll Buy  1   0.97240       0.00       0.00
20120509   RevLongLiq  1   0.96830    -510.00  -16050.00
20120509   Boll Short  1   0.96830       0.00       0.00
20120803   RevShrtLiq  1   0.97630    -900.00  -16950.00
20120803     Boll Buy  1   0.97630       0.00       0.00
20121109   RevLongLiq  1   0.97520    -210.00  -17160.00
20121109   Boll Short  1   0.97520       0.00       0.00
20121212     S-MMLoss  1   0.99520   -2100.00  -19260.00
20130111     Boll Buy  1   0.99820       0.00       0.00
20130124     L-MMLoss  1   0.97820   -2100.00  -21360.00
20130125   Boll Short  1   0.97390       0.00       0.00
20130508   RevShrtLiq  1   0.97920    -630.00  -21990.00
20130508     Boll Buy  1   0.97920       0.00       0.00
20130517     L-MMLoss  1   0.95920   -2100.00  -24090.00
20130522   Boll Short  1   0.94720       0.00       0.00
20130612     S-MMLoss  1   0.96720   -2100.00  -26190.00
20130620   Boll Short  1   0.94590       0.00       0.00
20130918   RevShrtLiq  1   0.96310   -1820.00  -28010.00
20130918     Boll Buy  1   0.96310       0.00       0.00
20131025     L-MMLoss  1   0.94310   -2100.00  -30110.00
20131122   Boll Short  1   0.93390       0.00       0.00
20140408   RevShrtLiq  1   0.90600    2690.00  -27420.00
20140408     Boll Buy  1   0.90600       0.00       0.00
20140911   RevLongLiq  1   0.89840    -860.00  -28280.00
20140911   Boll Short  1   0.89840       0.00       0.00
20150415   RevShrtLiq  1   0.81030    8710.00  -19570.00
20150415     Boll Buy  1   0.81030       0.00       0.00
20150706     L-MMLoss  1   0.79030   -2100.00  -21670.00
20150706   Boll Short  1   0.79010       0.00       0.00
20151009   RevShrtLiq  1   0.77400    1510.00  -20160.00
20151009     Boll Buy  1   0.77400       0.00       0.00
20151027     L-MMLoss  1   0.75400   -2100.00  -22260.00
20151207   Boll Short  1   0.74070       0.00       0.00
20160303   RevShrtLiq  1   0.74780    -810.00  -23070.00
20160303     Boll Buy  1   0.74780       0.00       0.00
20160401        L-EOD  1   0.76770    1890.00  -21180.00
------------------------------
Sys Name : Bollinger60Simple
Mkt Symb : CL
20090507     Boll Buy  1  95.37000       0.00       0.00
20090508     L-MMLoss  1  93.37000   -2100.00   -2100.00
20090512     Boll Buy  1  96.18000       0.00       0.00
20090514     L-MMLoss  1  94.18000   -2100.00   -4200.00
20090519     Boll Buy  1  96.99000       0.00       0.00
20090710     L-MMLoss  1  94.99000   -2100.00   -6300.00
20091014     Boll Buy  1 108.19000       0.00       0.00
20091127     L-MMLoss  1 106.19000   -2100.00   -8400.00
20100205   Boll Short  1 101.16000       0.00       0.00
20100209     S-MMLoss  1 103.16000   -2100.00  -10500.00
20100405     Boll Buy  1 115.47000       0.00       0.00
20100413     L-MMLoss  1 113.47000   -2100.00  -12600.00
20100506   Boll Short  1 105.55000       0.00       0.00
20100802   RevShrtLiq  1 105.10000     350.00  -12250.00
20100802     Boll Buy  1 105.10000       0.00       0.00
20100810     L-MMLoss  1 103.10000   -2100.00  -14350.00
20100824   Boll Short  1  95.20000       0.00       0.00
20100827     S-MMLoss  1  97.20000   -2100.00  -16450.00
20100831   Boll Short  1  94.78000       0.00       0.00
20100901     S-MMLoss  1  96.78000   -2100.00  -18550.00
20101006     Boll Buy  1 105.53000       0.00       0.00
20101007     L-MMLoss  1 103.53000   -2100.00  -20650.00
20101104     Boll Buy  1 106.55000       0.00       0.00
20101116     L-MMLoss  1 104.55000   -2100.00  -22750.00
20101203     Boll Buy  1 109.55000       0.00       0.00
20101210     L-MMLoss  1 107.55000   -2100.00  -24850.00
20101223     Boll Buy  1 111.04000       0.00       0.00
20101230     L-MMLoss  1 109.04000   -2100.00  -26950.00
20110103     Boll Buy  1 112.34000       0.00       0.00
20110104     L-MMLoss  1 110.34000   -2100.00  -29050.00
20110222     Boll Buy  1 113.07000       0.00       0.00
20110506     L-MMLoss  1 111.07000   -2100.00  -31150.00
20110615   Boll Short  1 108.86000       0.00       0.00
20110705     S-MMLoss  1 110.86000   -2100.00  -33250.00
20110803   Boll Short  1 105.81000       0.00       0.00
20111025   RevShrtLiq  1 106.96000   -1250.00  -34500.00
20111025     Boll Buy  1 106.96000       0.00       0.00
20111026     L-MMLoss  1 104.96000   -2100.00  -36600.00
20111027     Boll Buy  1 106.45000       0.00       0.00
20111101     L-MMLoss  1 104.45000   -2100.00  -38700.00
20111103     Boll Buy  1 107.70000       0.00       0.00
20120504   RevLongLiq  1 111.98000    4180.00  -34520.00
20120504   Boll Short  1 111.98000       0.00       0.00
20120816   RevShrtLiq  1 106.55000    5330.00  -29190.00
20120816     Boll Buy  1 106.55000       0.00       0.00
20120830     L-MMLoss  1 104.55000   -2100.00  -31290.00
20121023   Boll Short  1  98.02000       0.00       0.00
20121226     S-MMLoss  1 100.02000   -2100.00  -33390.00
20130102     Boll Buy  1 102.44000       0.00       0.00
20130225     L-MMLoss  1 100.44000   -2100.00  -35490.00
20130412   Boll Short  1  98.05000       0.00       0.00
20130425     S-MMLoss  1 100.05000   -2100.00  -37590.00
20130702     Boll Buy  1 106.65000       0.00       0.00
20130930   RevLongLiq  1 109.69000    2940.00  -34650.00
20130930   Boll Short  1 109.69000       0.00       0.00
20131002     S-MMLoss  1 111.69000   -2100.00  -36750.00
20131009   Boll Short  1 109.62000       0.00       0.00
20131010     S-MMLoss  1 111.62000   -2100.00  -38850.00
20131011   Boll Short  1 109.37000       0.00       0.00
20140212   RevShrtLiq  1 107.93000    1340.00  -37510.00
20140212     Boll Buy  1 107.93000       0.00       0.00
20140312     L-MMLoss  1 105.93000   -2100.00  -39610.00
20140416     Boll Buy  1 112.76000       0.00       0.00
20140422     L-MMLoss  1 110.76000   -2100.00  -41710.00
20140521     Boll Buy  1 112.83000       0.00       0.00
20140605     L-MMLoss  1 110.83000   -2100.00  -43810.00
20140610     Boll Buy  1 114.13000       0.00       0.00
20140709     L-MMLoss  1 112.13000   -2100.00  -45910.00
20140731   Boll Short  1 108.51000       0.00       0.00
20150415   RevShrtLiq  1  67.67000   40740.00   -5170.00
20150415     Boll Buy  1  67.67000       0.00       0.00
20150422     L-MMLoss  1  65.67000   -2100.00   -7270.00
20150505     Boll Buy  1  70.36000       0.00       0.00
20150508     L-MMLoss  1  68.36000   -2100.00   -9370.00
20150513     Boll Buy  1  71.71000       0.00       0.00
20150514     L-MMLoss  1  69.71000   -2100.00  -11470.00
20150706   Boll Short  1  63.60000       0.00       0.00
20160401        S-EOD  1  36.79000   26710.00   15240.00
------------------------------
Sys Name : Bollinger60Simple
Mkt Symb : CT
20090429     Boll Buy  1  16.91000       0.00       0.00
20090622     L-MMLoss  1  12.91000   -2100.00   -2100.00
20090813     Boll Buy  1  23.31000       0.00       0.00
20090814     L-MMLoss  1  19.31000   -2100.00   -4200.00
20091013     Boll Buy  1  23.61000       0.00       0.00
20100125   RevLongLiq  1  24.07000     130.00   -4070.00
20100125   Boll Short  1  24.07000       0.00       0.00
20100212     S-MMLoss  1  28.07000   -2100.00   -6170.00
20100219     Boll Buy  1  31.81000       0.00       0.00
20100601   RevLongLiq  1  30.64000    -685.00   -6855.00
20100601   Boll Short  1  30.64000       0.00       0.00
20100616     S-MMLoss  1  34.64000   -2100.00   -8955.00
20100706   Boll Short  1  29.16000       0.00       0.00
20100730     S-MMLoss  1  33.16000   -2100.00  -11055.00
20100805     Boll Buy  1  36.10000       0.00       0.00
20110428   RevLongLiq  1 130.16000   46930.00   35875.00
20110428   Boll Short  1 130.16000       0.00       0.00
20110429     S-MMLoss  1 134.16000   -2100.00   33775.00
20110502   Boll Short  1 130.08000       0.00       0.00
20110503     S-MMLoss  1 134.08000   -2100.00   31675.00
20110504   Boll Short  1 130.89000       0.00       0.00
20110517     S-MMLoss  1 134.89000   -2100.00   29575.00
20110711   Boll Short  1 110.57000       0.00       0.00
20110908     S-MMLoss  1 114.57000   -2100.00   27475.00
20111212   Boll Short  1  94.64000       0.00       0.00
20120103     S-MMLoss  1  98.64000   -2100.00   25375.00
20120507   Boll Short  1  92.07000       0.00       0.00
20120807   RevShrtLiq  1  86.57000    2650.00   28025.00
20120807     Boll Buy  1  86.57000       0.00       0.00
20120813     L-MMLoss  1  82.57000   -2100.00   25925.00
20120821     Boll Buy  1  87.17000       0.00       0.00
20120924     L-MMLoss  1  83.17000   -2100.00   23825.00
20121018     Boll Buy  1  88.89000       0.00       0.00
20121023     L-MMLoss  1  84.89000   -2100.00   21725.00
20130117     Boll Buy  1  88.16000       0.00       0.00
20130523   RevLongLiq  1  89.51000     575.00   22300.00
20130523   Boll Short  1  89.51000       0.00       0.00
20130610     S-MMLoss  1  93.51000   -2100.00   20200.00
20130812     Boll Buy  1  98.82000       0.00       0.00
20130821     L-MMLoss  1  94.82000   -2100.00   18100.00
20131024   Boll Short  1  88.66000       0.00       0.00
20131227     S-MMLoss  1  92.66000   -2100.00   16000.00
20140116     Boll Buy  1  94.16000       0.00       0.00
20140520   RevLongLiq  1  95.17000     405.00   16405.00
20140520   Boll Short  1  95.17000       0.00       0.00
20150209   RevShrtLiq  1  84.13000    5420.00   21825.00
20150209     Boll Buy  1  84.13000       0.00       0.00
20150806   RevLongLiq  1  83.51000    -410.00   21415.00
20150806   Boll Short  1  83.51000       0.00       0.00
20150817     S-MMLoss  1  87.51000   -2100.00   19315.00
20150918   Boll Short  1  81.83000       0.00       0.00
20151209   RevShrtLiq  1  85.05000   -1710.00   17605.00
20151209     Boll Buy  1  85.05000       0.00       0.00
20160106   RevLongLiq  1  81.77000   -1740.00   15865.00
20160106   Boll Short  1  81.77000       0.00       0.00
20160401        S-EOD  1  79.20000    1185.00   17050.00
