------------------------------
Sys Name : BollBandSys
Mkt Symb : CL
Profit/Loss : 75010.0
Num Trades : 109
Percent Wins : 0.284
Avg Win  : 8519.03
Avg Loss : -2424.1
Avg Trade: 688.17
MAX DrawDown: 87790.0
------------------------------
20000428          0          0
20000531       1030       1030
20000630       5800       6830
20000731      -2740       4090
20000831       1610       5700
20000929      -1550       4150
20001031      -3100       1050
20001130      -1170       -120
20001229       -370       -490
20010131      -4880      -5370
20010228       -250      -5620
20010330        390      -5230
20010430      -2290      -7520
20010531      -2030      -9550
20010629        230      -9320
20010731      -2310     -11630
20010831      -1460     -13090
20010928      -2760     -15850
20011031       2540     -13310
20011130       2130     -11180
20011231      -1690     -12870
20020131          0     -12870
20020228          0     -12870
20020328       3570      -9300
20020430      -2940     -12240
20020531      -3100     -15340
20020628          0     -15340
20020731       -860     -16200
20020830        -50     -16250
20020930       1230     -15020
20021031      -1240     -16260
20021127       -570     -16830
20021231       2820     -14010
20030131       3160     -10850
20030228       4540      -6310
20030331      -5940     -12250
20030430       3230      -9020
20030530      -1810     -10830
20030630       2220      -8610
20030731        860      -7750
20030829       1040      -6710
20030930      -2360      -9070
20031031      -4400     -13470
20031126      -1670     -15140
20031231       -580     -15720
20040130       1440     -14280
20040227       -190     -14470
20040331        160     -14310
20040430      -1580     -15890
20040528       2580     -13310
20040630      -2300     -15610
20040730      -1390     -17000
20040831       -700     -17700
20040930       1290     -16410
20041029       2820     -13590
20041130      -4570     -18160
20041230       6010     -12150
20050131      -5310     -17460
20050228        330     -17130
20050331       3140     -13990
20050429      -3390     -17380
20050531       -370     -17750
20050630      -3660     -21410
20050729        320     -21090
20050831       4500     -16590
20050930      -5700     -22290
20051031      -2840     -25130
20051130       3010     -22120
20051230      -3440     -25560
20060131       4260     -21300
20060228      -5100     -26400
20060331      -2930     -29330
20060428       2200     -27130
20060531      -2570     -29700
20060630          0     -29700
20060731      -3100     -32800
20060831        760     -32040
20060929       7860     -24180
20061031       5830     -18350
20061130      -1520     -19870
20061229          0     -19870
20070131       1510     -18360
20070228      -1670     -20030
20070330       -160     -20190
20070430      -2940     -23130
20070531          0     -23130
20070629       1060     -22070
20070731       7280     -14790
20070831      -9350     -24140
20070928       5250     -18890
20071031      14300      -4590
20071130      -4560      -9150
20071231          0      -9150
20080131      -3100     -12250
20080229       2140     -10110
20080331        660      -9450
20080430      12730       3280
20080530      14220      17500
20080630      11980      29480
20080731      -8600      20880
20080829       5960      26840
20080930      13020      39860
20081031      33110      72970
20081128      13860      86830
20081231      14380     101210
20090130      11060     112270
20090227        530     112800
20090331      -3820     108980
20090430      -3100     105880
20090529       7120     113000
20090630       3110     116110
20090731      -9040     107070
20090831          0     107070
20090930      -3100     103970
20091030       -930     103040
20091130      -1670     101370
20091231      -3100      98270
20100129      -3100      95170
20100226      -6200      88970
20100331      -3100      85870
20100430      -3100      82770
20100528       9290      92060
20100630      -3660      88400
20100730          0      88400
20100831      -1920      86480
20100930      -4280      82200
20101029       -870      81330
20101130        810      82140
20101231       1610      83750
20110131      -5920      77830
20110228      -4230      73600
20110331       8970      82570
20110429       6640      89210
20110531     -20430      68780
20110630       -240      68540
20110729      -2860      65680
20110831      -2030      63650
20110930      -1070      62580
20111031      -6970      55610
20111130       3850      59460
20111230      -5510      53950
20120131          0      53950
20120229        820      54770
20120330      -3920      50850
20120430      -3100      47750
20120531      12250      60000
20120629       1890      61890
20120731      -5900      55990
20120831       4780      60770
20120928      -6800      53970
20121031      -4680      49290
20121130      -2720      46570
20121231          0      46570
20130131       5190      51760
20130228      -2810      48950
20130328      -3100      45850
20130430      -3100      42750
20130531          0      42750
20130628          0      42750
20130731       5660      48410
20130830      -4210      44200
20130930          0      44200
20131031       3300      47500
20131129       4210      51710
20131231      -5480      46230
20140131      -5300      40930
20140228       3040      43970
20140331      -4700      39270
20140430      -3100      36170
20140530      -1360      34810
20140630       3040      37850
20140731      -5040      32810
20140829       -450      32360
20140930       1560      33920
20141031       6080      40000
20141128      14420      54420
20141231      13130      67550
20150130       5470      73020
20150227      -4910      68110
20150331      -3100      65010
20150430       1660      66670
20150529      -3030      63640
20150630          0      63640
20150731       5700      69340
20150831      -1680      67660
20150930          0      67660
20151030      -3100      64560
20151130       1300      65860
20151231       5930      71790
20160129       4390      76180
20160229       1930      78110
20160331      -1020      77090
20160404      -2080      75010
------------------------------
