Testing from : 20000420 to: 20160401
---------------------------------------------------------------------------------
SysName         Market TotProfit  MaxDD ClsTrdDD AvgWin AvgLoss PerWins TotTrades
BollingerBan... CL        159937  44002   30058   2846   -2693    1.40        68
---------------------------------------------------------------------------------
Totals                    159937  44002
-------------------------------------------------------------------
Combined Monthly Return
Date         Profit Cum.Profit
-------------------------------------------------------------------
20000428          0          0
20000531       -732       -732
20000630       5800       5068
20000731      -3870       1198
20000831       1565       2763
20000929       -950       1813
20001031       2200       4013
20001130       1710       5723
20001229       -508       5215
20010131      -3590       1625
20010228          0       1625
20010330          0       1625
20010430          0       1625
20010531      -2176       -551
20010629        956        405
20010731        -60        345
20010831      -1460      -1115
20010928      -1499      -2614
20011031       2540        -74
20011130       2130       2056
20011231      -1690        366
20020131          0        366
20020228          0        366
20020328       3604       3970
20020430        720       4690
20020531      -1250       3440
20020628          0       3440
20020731      -1857       1583
20020830       1429       3012
20020930       1230       4242
20021031      -2709       1533
20021127       -470       1063
20021231       -415        649
20030131       3160       3809
20030228       4540       8349
20030331      -4260       4089
20030430          0       4089
20030530          0       4089
20030630        492       4581
20030731        860       5441
20030829       1040       6481
20030930      -3350       3131
20031031      -1300       1831
20031126      -1822          9
20031231       2050       2059
20040130       1440       3499
20040227       3440       6939
20040331        160       7099
20040430      -1590       5509
20040528       1289       6799
20040630      -2700       4099
20040730        904       5003
20040831       -760       4243
20040930       7520      11763
20041029       2820      14583
20041130      -4490      10093
20041230      -4095       5998
20050131          0       5998
20050228        275       6273
20050331       3140       9413
20050429      -3640       5773
20050531      -1170       4603
20050630      -2730       1873
20050729      -6200      -4327
20050831       3519       -808
20050930      -6040      -6848
20051031        -96      -6944
20051130       3010      -3934
20051230      -2830      -6764
20060131       2480      -4284
20060228      -5580      -9864
20060331          0      -9864
20060428      -3100     -12964
20060531      -3100     -16064
20060630          0     -16064
20060731      -3100     -19164
20060831       1370     -17794
20060929       7860      -9934
20061031       5830      -4104
20061130      -2090      -6194
20061229        520      -5674
20070131       2871      -2803
20070228      -2440      -5243
20070330       -305      -5548
20070430      -2795      -8343
20070531          0      -8343
20070629       2110      -6232
20070731       7280       1048
20070831      -8580      -7532
20070928       4966      -2567
20071031      14300      11733
20071130      -4460       7273
20071231       6850      14123
20080131      -7423       6701
20080229       3605      10305
20080331        660      10965
20080430      12730      23695
20080530      14220      37915
20080630      11980      49895
20080731     -10810      39085
20080829       4222      43307
20080930      13020      56327
20081031      33110      89437
20081128      13860     103297
20081231      14380     117677
20090130      11060     128737
20090227        530     129267
20090331      -2690     126577
20090430          0     126577
20090529       7307     133884
20090630       3110     136994
20090731      -9850     127144
20090831          0     127144
20090930          0     127144
20091030       1211     128355
20091130      -4311     124044
20091231          0     124044
20100129          0     124044
20100226      -3539     120505
20100331          0     120505
20100430      -3100     117405
20100528       6762     124168
20100630       -580     123588
20100730      -3410     120178
20100831      -2836     117341
20100930      -4630     112711
20101029      -3100     109611
20101130      -3100     106511
20101231       1697     108209
20110131      -4797     103411
20110228        360     103771
20110331       8970     112741
20110429       6640     119381
20110531     -14230     105151
20110630       -822     104329
20110729      -3350     100979
20110831       3245     104224
20110930       9720     113944
20111031     -12133     101810
20111130       2704     104514
20111230      -1700     102814
20120131       -300     102514
20120229       3146     105660
20120330      -4860     100800
20120430          0     100800
20120531      13999     114799
20120629       1890     116689
20120731      -7800     108889
20120831        462     109350
20120928      -3562     105789
20121031       1957     107746
20121130      -2250     105496
20121231       -700     104796
20130131       3513     108309
20130228      -5190     103119
20130328          0     103119
20130430      -3928      99191
20130531          0      99191
20130628          0      99191
20130731       5545     104736
20130830       2790     107526
20130930      -4123     103402
20131031       6250     109652
20131129       4210     113862
20131231      -6170     107692
20140131      -3325     104367
20140228       1798     106164
20140331      -4898     101267
20140430      -3100      98167
20140530       -941      97225
20140630       3040     100265
20140731      -3564      96702
20140829       -450      96252
20140930       4040     100292
20141031       9930     110222
20141128      14420     124642
20141231      13130     137772
20150130       5470     143242
20150227       -840     142402
20150331        220     142622
20150430       1830     144452
20150529       -140     144312
20150630      -2430     141882
20150731       8070     149952
20150831      -1580     148372
20150930       4450     152822
20151030      -3540     149282
20151130        575     149857
20151231       5930     155787
20160129       4390     160177
20160229       2030     162207
20160331      -2270     159937
20160401          0     159937
