------------------------------
Sys Name : BollBandSys
Mkt Symb : CL
20000508    KeltBuy  1  87.09000       0.00       0.00
20000721  L-AvgLoss  1  91.28000    4090.00    4090.00
20000814    KeltBuy  1  94.66000       0.00       0.00
20000928  L-AvgLoss  1  94.82000      60.00    4150.00
20001012    KeltBuy  1 100.54000       0.00       0.00
20001016   L-MMLoss  1  97.54000   -3100.00    1050.00
20001115    KeltBuy  1 100.40000       0.00       0.00
20001201   L-MMLoss  1  97.40000   -3100.00   -2050.00
20001205  KeltShort  1  94.94000       0.00       0.00
20010112  S-AvgLoss  1  96.63000   -1790.00   -3840.00
20010119    KeltBuy  1  98.55000       0.00       0.00
20010226  L-AvgLoss  1  96.87000   -1780.00   -5620.00
20010314  KeltShort  1  94.86000       0.00       0.00
20010410  S-AvgLoss  1  96.66000   -1900.00   -7520.00
20010518    KeltBuy  1  97.36000       0.00       0.00
20010524  L-AvgLoss  1  95.43000   -2030.00   -9550.00
20010620  KeltShort  1  93.39000       0.00       0.00
20010706  S-AvgLoss  1  95.12000   -1830.00  -11380.00
20010716  KeltShort  1  92.97000       0.00       0.00
20010802  S-AvgLoss  1  94.58000   -1710.00  -13090.00
20010906    KeltBuy  1  95.52000       0.00       0.00
20010920  L-AvgLoss  1  94.28000   -1340.00  -14430.00
20010924  KeltShort  1  89.56000       0.00       0.00
20011226  S-AvgLoss  1  87.90000    1560.00  -12870.00
20020301    KeltBuy  1  88.13000       0.00       0.00
20020412  L-AvgLoss  1  88.86000     630.00  -12240.00
20020514    KeltBuy  1  94.49000       0.00       0.00
20020524   L-MMLoss  1  91.49000   -3100.00  -15340.00
20020716    KeltBuy  1  93.50000       0.00       0.00
20020801  L-AvgLoss  1  92.09000   -1510.00  -16850.00
20020815    KeltBuy  1  94.64000       0.00       0.00
20021008  L-AvgLoss  1  95.50000     760.00  -16090.00
20021025  KeltShort  1  93.13000       0.00       0.00
20021127  S-AvgLoss  1  93.77000    -740.00  -16830.00
20021213    KeltBuy  1  95.32000       0.00       0.00
20030318  L-AvgLoss  1 101.68000    6260.00  -10570.00
20030319  KeltShort  1 100.99000       0.00       0.00
20030509  S-AvgLoss  1 101.36000    -470.00  -11040.00
20030527    KeltBuy  1 103.38000       0.00       0.00
20030902  L-AvgLoss  1 105.55000    2070.00   -8970.00
20030904  KeltShort  1 105.12000       0.00       0.00
20031003  S-AvgLoss  1 106.42000   -1400.00  -10370.00
20031010    KeltBuy  1 107.93000       0.00       0.00
20031029   L-MMLoss  1 104.93000   -3100.00  -13470.00
20031113    KeltBuy  1 107.84000       0.00       0.00
20031124  L-AvgLoss  1 106.27000   -1670.00  -15140.00
20031212    KeltBuy  1 109.57000       0.00       0.00
20040206  L-AvgLoss  1 109.86000     190.00  -14950.00
20040225    KeltBuy  1 113.39000       0.00       0.00
20040401  L-AvgLoss  1 112.54000    -950.00  -15900.00
20040412    KeltBuy  1 116.11000       0.00       0.00
20040604  L-AvgLoss  1 117.31000    1100.00  -14800.00
20040628  KeltShort  1 114.83000       0.00       0.00
20040706   S-MMLoss  1 117.83000   -3100.00  -17900.00
20040728    KeltBuy  1 121.31000       0.00       0.00
20040830  L-AvgLoss  1 121.61000     200.00  -17700.00
20040922    KeltBuy  1 127.68000       0.00       0.00
20041104  L-AvgLoss  1 128.85000    1070.00  -16630.00
20041112  KeltShort  1 127.35000       0.00       0.00
20050106  S-AvgLoss  1 124.98000    2270.00  -14360.00
20050125    KeltBuy  1 128.96000       0.00       0.00
20050131   L-MMLoss  1 125.96000   -3100.00  -17460.00
20050222    KeltBuy  1 130.21000       0.00       0.00
20050408  L-AvgLoss  1 131.60000    1290.00  -16170.00
20050413  KeltShort  1 128.50000       0.00       0.00
20050422   S-MMLoss  1 131.50000   -3100.00  -19270.00
20050427  KeltShort  1 128.32000       0.00       0.00
20050601  S-AvgLoss  1 129.43000   -1210.00  -20480.00
20050616    KeltBuy  1 131.41000       0.00       0.00
20050720  L-AvgLoss  1 130.90000    -610.00  -21090.00
20050808    KeltBuy  1 136.82000       0.00       0.00
20050912  L-AvgLoss  1 135.72000   -1200.00  -22290.00
20051006  KeltShort  1 133.40000       0.00       0.00
20051012   S-MMLoss  1 136.40000   -3100.00  -25390.00
20051020  KeltShort  1 132.70000       0.00       0.00
20051208  S-AvgLoss  1 132.77000    -170.00  -25560.00
20060103    KeltBuy  1 134.26000       0.00       0.00
20060207  L-AvgLoss  1 133.69000    -670.00  -26230.00
20060214  KeltShort  1 130.17000       0.00       0.00
20060328   S-MMLoss  1 133.17000   -3100.00  -29330.00
20060406    KeltBuy  1 135.44000       0.00       0.00
20060515  L-AvgLoss  1 135.17000    -370.00  -29700.00
20060705    KeltBuy  1 139.69000       0.00       0.00
20060719   L-MMLoss  1 136.69000   -3100.00  -32800.00
20060817  KeltShort  1 132.84000       0.00       0.00
20061129  S-AvgLoss  1 119.81000   12930.00  -19870.00
20070103  KeltShort  1 115.09000       0.00       0.00
20070208  S-AvgLoss  1 115.15000    -160.00  -20030.00
20070329    KeltBuy  1 118.53000       0.00       0.00
20070409   L-MMLoss  1 115.53000   -3100.00  -23130.00
20070618    KeltBuy  1 119.74000       0.00       0.00
20070806  L-AvgLoss  1 121.93000    2090.00  -21040.00
20070822  KeltShort  1 119.29000       0.00       0.00
20070829   S-MMLoss  1 122.29000   -3100.00  -24140.00
20070910    KeltBuy  1 127.52000       0.00       0.00
20071130  L-AvgLoss  1 142.61000   14990.00   -9150.00
20080102    KeltBuy  1 153.10000       0.00       0.00
20080107   L-MMLoss  1 150.10000   -3100.00  -12250.00
20080219    KeltBuy  1 154.14000       0.00       0.00
20080716  L-AvgLoss  1 190.47000   36230.00   23980.00
20080723  KeltShort  1 179.53000       0.00       0.00
20080731   S-MMLoss  1 182.53000   -3100.00   20880.00
20080804  KeltShort  1 176.50000       0.00       0.00
20090304  S-AvgLoss  1  85.20000   91200.00  112080.00
20090319    KeltBuy  1  91.10000       0.00       0.00
20090330   L-MMLoss  1  88.10000   -3100.00  108980.00
20090402    KeltBuy  1  91.70000       0.00       0.00
20090407   L-MMLoss  1  88.70000   -3100.00  105880.00
20090508    KeltBuy  1  95.55000       0.00       0.00
20090706  L-AvgLoss  1  99.94000    4290.00  110170.00
20090708  KeltShort  1  96.03000       0.00       0.00
20090717   S-MMLoss  1  99.03000   -3100.00  107070.00
20090924  KeltShort  1  98.64000       0.00       0.00
20090930   S-MMLoss  1 101.64000   -3100.00  103970.00
20091015    KeltBuy  1 110.33000       0.00       0.00
20091124  L-AvgLoss  1 107.83000   -2600.00  101370.00
20091208  KeltShort  1 104.43000       0.00       0.00
20091224   S-MMLoss  1 107.43000   -3100.00   98270.00
20100106    KeltBuy  1 113.56000       0.00       0.00
20100112   L-MMLoss  1 110.56000   -3100.00   95170.00
20100129  KeltShort  1 102.97000       0.00       0.00
20100202   S-MMLoss  1 105.97000   -3100.00   92070.00
20100205  KeltShort  1 101.27000       0.00       0.00
20100210   S-MMLoss  1 104.27000   -3100.00   88970.00
20100311    KeltBuy  1 111.94000       0.00       0.00
20100322   L-MMLoss  1 108.94000   -3100.00   85870.00
20100401    KeltBuy  1 114.41000       0.00       0.00
20100419   L-MMLoss  1 111.41000   -3100.00   82770.00
20100505  KeltShort  1 108.08000       0.00       0.00
20100621  S-AvgLoss  1 102.35000    5630.00   88400.00
20100802    KeltBuy  1 104.72000       0.00       0.00
20100811   L-MMLoss  1 101.72000   -3100.00   85300.00
20100823  KeltShort  1  96.12000       0.00       0.00
20100910   S-MMLoss  1  99.12000   -3100.00   82200.00
20101001    KeltBuy  1 103.34000       0.00       0.00
20101116  L-AvgLoss  1 103.38000     -60.00   82140.00
20101203    KeltBuy  1 109.63000       0.00       0.00
20110120  L-AvgLoss  1 108.52000   -1210.00   80930.00
20110125  KeltShort  1 105.12000       0.00       0.00
20110128   S-MMLoss  1 108.12000   -3100.00   77830.00
20110211  KeltShort  1 104.51000       0.00       0.00
20110222   S-MMLoss  1 107.51000   -3100.00   74730.00
20110223    KeltBuy  1 114.55000       0.00       0.00
20110505  L-AvgLoss  1 114.90000     250.00   74980.00
20110505  KeltShort  1 114.90000       0.00       0.00
20110509   S-MMLoss  1 117.90000   -3100.00   71880.00
20110511  KeltShort  1 113.31000       0.00       0.00
20110526   S-MMLoss  1 116.31000   -3100.00   68780.00
20110615  KeltShort  1 109.45000       0.00       0.00
20110707   S-MMLoss  1 112.45000   -3100.00   65680.00
20110804  KeltShort  1 100.54000       0.00       0.00
20110901   S-MMLoss  1 103.54000   -3100.00   62580.00
20111003  KeltShort  1  91.26000       0.00       0.00
20111006   S-MMLoss  1  94.26000   -3100.00   59480.00
20111025    KeltBuy  1 106.63000       0.00       0.00
20111026   L-MMLoss  1 103.63000   -3100.00   56380.00
20111027    KeltBuy  1 107.42000       0.00       0.00
20111101   L-MMLoss  1 104.42000   -3100.00   53280.00
20111103    KeltBuy  1 107.53000       0.00       0.00
20111214  L-AvgLoss  1 108.30000     670.00   53950.00
20120221    KeltBuy  1 118.92000       0.00       0.00
20120329   L-MMLoss  1 115.92000   -3100.00   50850.00
20120410  KeltShort  1 113.22000       0.00       0.00
20120412   S-MMLoss  1 116.22000   -3100.00   47750.00
20120504  KeltShort  1 110.24000       0.00       0.00
20120703  S-AvgLoss  1  98.80000   11340.00   59090.00
20120719    KeltBuy  1 103.80000       0.00       0.00
20120723   L-MMLoss  1 100.80000   -3100.00   55990.00
20120803    KeltBuy  1 102.23000       0.00       0.00
20120919  L-AvgLoss  1 102.52000     190.00   56180.00
20120926  KeltShort  1 100.20000       0.00       0.00
20121001   S-MMLoss  1 103.20000   -3100.00   53080.00
20121003  KeltShort  1  98.36000       0.00       0.00
20121004   S-MMLoss  1 101.36000   -3100.00   49980.00
20121005  KeltShort  1 100.10000       0.00       0.00
20121009   S-MMLoss  1 103.10000   -3100.00   46880.00
20121022  KeltShort  1  98.48000       0.00       0.00
20121119  S-AvgLoss  1  98.69000    -310.00   46570.00
20121231    KeltBuy  1 100.76000       0.00       0.00
20130220  L-AvgLoss  1 103.24000    2380.00   48950.00
20130228  KeltShort  1 100.07000       0.00       0.00
20130325   S-MMLoss  1 103.07000   -3100.00   45850.00
20130415  KeltShort  1  96.36000       0.00       0.00
20130425   S-MMLoss  1  99.36000   -3100.00   42750.00
20130702    KeltBuy  1 106.53000       0.00       0.00
20130821  L-AvgLoss  1 111.18000    4550.00   47300.00
20130828    KeltBuy  1 117.43000       0.00       0.00
20130830   L-MMLoss  1 114.43000   -3100.00   44200.00
20131021  KeltShort  1 107.50000       0.00       0.00
20131204  S-AvgLoss  1 104.47000    2930.00   47130.00
20131220    KeltBuy  1 106.34000       0.00       0.00
20140102   L-MMLoss  1 103.34000   -3100.00   44030.00
20140106  KeltShort  1 100.45000       0.00       0.00
20140122   S-MMLoss  1 103.45000   -3100.00   40930.00
20140207    KeltBuy  1 106.68000       0.00       0.00
20140312  L-AvgLoss  1 105.12000   -1660.00   39270.00
20140409    KeltBuy  1 111.55000       0.00       0.00
20140430   L-MMLoss  1 108.55000   -3100.00   36170.00
20140521    KeltBuy  1 113.24000       0.00       0.00
20140707  L-AvgLoss  1 113.08000    -260.00   35910.00
20140711  KeltShort  1 110.38000       0.00       0.00
20140717   S-MMLoss  1 113.38000   -3100.00   32810.00
20140731  KeltShort  1 108.90000       0.00       0.00
20140926  S-AvgLoss  1 107.69000    1110.00   33920.00
20141008  KeltShort  1 101.46000       0.00       0.00
20150203  S-AvgLoss  1  67.17000   34190.00   68110.00
20150316  KeltShort  1  57.32000       0.00       0.00
20150325   S-MMLoss  1  60.32000   -3100.00   65010.00
20150415    KeltBuy  1  67.84000       0.00       0.00
20150527  L-AvgLoss  1  66.57000   -1370.00   63640.00
20150706  KeltShort  1  61.23000       0.00       0.00
20150831  S-AvgLoss  1  57.11000    4020.00   67660.00
20151008    KeltBuy  1  57.00000       0.00       0.00
20151014   L-MMLoss  1  54.00000   -3100.00   64560.00
20151112  KeltShort  1  48.86000       0.00       0.00
20160229  S-AvgLoss  1  35.21000   13550.00   78110.00
20160307    KeltBuy  1  39.36000       0.00       0.00
20160404   L-MMLoss  1  36.36000   -3100.00   75010.00
