------------------------------
Sys Name : DMACross
Mkt Symb : W2
Profit/Loss : -24262.5
Num Trades : 86
Percent Wins : 1.36
Avg Win  : 681.3
Avg Loss : -1892.27
Avg Trade: -282.12
MAX DrawDown: 43250.0
------------------------------
20040528          0          0
20040630          0          0
20040730          0          0
20040831          0          0
20040930      -1400      -1400
20041029       -988      -2388
20041130       1262      -1125
20041230       -312      -1438
20050131        575       -862
20050228      -2450      -3312
20050331       -712      -4025
20050429      -1388      -5412
20050531       -288      -5700
20050630        312      -5388
20050729       -188      -5575
20050831       1538      -4038
20050930      -1438      -5475
20051031      -1662      -7138
20051130        125      -7012
20051230      -1650      -8662
20060131        200      -8462
20060228       1325      -7138
20060331      -2288      -9425
20060428        162      -9262
20060531      -2250     -11512
20060630       -562     -12075
20060731      -1075     -13150
20060831      -1400     -14550
20060929       3612     -10938
20061031        525     -10412
20061130       -988     -11400
20061229       1025     -10375
20070131       1675      -8700
20070228       -312      -9012
20070330        775      -8238
20070430      -4925     -13162
20070531      -1625     -14788
20070629       2662     -12125
20070731          0     -12125
20070831          0     -12125
20070928          0     -12125
20071031       -300     -12425
20071130      -2700     -15125
20071231       2900     -12225
20080131      -3000     -15225
20080229       5900      -9325
20080331          0      -9325
20080430       7500      -1825
20080530       1975        150
20080630     -10512     -10362
20080731        -25     -10388
20080829      -5700     -16088
20080930       2312     -13775
20081031       7188      -6588
20081128       -288      -6875
20081231      -2575      -9450
20090130      -2150     -11600
20090227       2562      -9038
20090331       -562      -9600
20090430      -7175     -16775
20090529        450     -16325
20090630       1750     -14575
20090731        625     -13950
20090831       2862     -11088
20090930       2062      -9025
20091030      -4262     -13288
20091130       4062      -9225
20091231       -925     -10150
20100129      -1388     -11538
20100226          0     -11538
20100331          0     -11538
20100430          0     -11538
20100528      -2025     -13562
20100630       -400     -13962
20100730        288     -13675
20100831          0     -13675
20100930      -3638     -17312
20101029      -3700     -21012
20101130      -3588     -24600
20101231      -1100     -25700
20110131       1425     -24275
20110228          0     -24275
20110331       1875     -22400
20110429      -3475     -25875
20110531      -4125     -30000
20110630          0     -30000
20110729          0     -30000
20110831       2900     -27100
20110930       1225     -25875
20111031       -950     -26825
20111130      -1038     -27862
20111230      -1962     -29825
20120131       2062     -27762
20120229         38     -27725
20120330      -5388     -33112
20120430       -238     -33350
20120531      -3950     -37300
20120629      -4088     -41388
20120731       2788     -38600
20120831        675     -37925
20120928       -650     -38575
20121031       1900     -36675
20121130        788     -35888
20121231       4275     -31612
20130131        -75     -31688
20130228       3388     -28300
20130328       1338     -26962
20130430      -1950     -28912
20130531       1325     -27588
20130628       2825     -24762
20130731       -325     -25088
20130830       1150     -23938
20130930      -1775     -25712
20131031       -550     -26262
20131129      -1988     -28250
20131231       3175     -25075
20140131       2475     -22600
20140228      -4038     -26638
20140331       3638     -23000
20140430       -650     -23650
20140530      -3250     -26900
20140630       2950     -23950
20140731       2362     -21588
20140829       -250     -21838
20140930        588     -21250
20141031      -1362     -22612
20141128       2162     -20450
20141231          0     -20450
20150130       1500     -18950
20150227       -925     -19875
20150331         62     -19812
20150430      -3662     -23475
20150529      -2488     -25962
20150630       2900     -23062
20150731          0     -23062
20150831        962     -22100
20150930      -1388     -23488
20151030         88     -23400
20151130       -925     -24325
20151231        275     -24050
20160129       -462     -24512
20160229       1575     -22938
20160331      -1438     -24375
20160401        112     -24262
------------------------------
------------------------------
Sys Name : DMACross
Mkt Symb : RR
Profit/Loss : 6770.0
Num Trades : 97
Percent Wins : 1.402
Avg Win  : 474.78
Avg Loss : -998.28
Avg Trade: 69.79
MAX DrawDown: 20570.0
------------------------------
20040528          0          0
20040630         10         10
20040730       2390       2400
20040831       -600       1800
20040930      -2700       -900
20041029        460       -440
20041130        240       -200
20041230       -520       -720
20050131        800         80
20050228         30        110
20050331       -460       -350
20050429        660        310
20050531       -500       -190
20050630       2610       2420
20050729       -290       2130
20050831        200       2330
20050930      -2000        330
20051031       -890       -560
20051130       -540      -1100
20051230      -1230      -2330
20060131        610      -1720
20060228       -650      -2370
20060331        -70      -2440
20060428        670      -1770
20060531      -1370      -3140
20060630        160      -2980
20060731       -520      -3500
20060831      -2630      -6130
20060929      -1800      -7930
20061031       -810      -8740
20061130        780      -7960
20061229       -900      -8860
20070131       -650      -9510
20070228        -60      -9570
20070330      -3240     -12810
20070430        240     -12570
20070531      -1480     -14050
20070629      -1690     -15740
20070731       -900     -16640
20070831          0     -16640
20070928       1200     -15440
20071031        240     -15200
20071130       1040     -14160
20071231          0     -14160
20080131          0     -14160
20080229          0     -14160
20080331          0     -14160
20080430          0     -14160
20080530       2860     -11300
20080630       -180     -11480
20080731       4780      -6700
20080829      -4160     -10860
20080930       3360      -7500
20081031       2750      -4750
20081128       4140       -610
20081231      -4100      -4710
20090130      -1930      -6640
20090227      -1600      -8240
20090331      -1320      -9560
20090430      -1000     -10560
20090529      -2370     -12930
20090630       -170     -13100
20090731       3170      -9930
20090831        140      -9790
20090930        510      -9280
20091030       1340      -7940
20091130       1050      -6890
20091231       -350      -7240
20100129       1380      -5860
20100226       1570      -4290
20100331       3090      -1200
20100430        920       -280
20100528        690        410
20100630       3760       4170
20100730      -1740       2430
20100831        850       3280
20100930       1900       5180
20101029          0       5180
20101130          0       5180
20101231       -240       4940
20110131        500       5440
20110228       1380       6820
20110331        410       7230
20110429       2410       9640
20110531       1030      10670
20110630         10      10680
20110729      -3870       6810
20110831       3050       9860
20110930      -4090       5770
20111031      -2350       3420
20111130          0       3420
20111230          0       3420
20120131      -1160       2260
20120229        280       2540
20120330        730       3270
20120430        230       3500
20120531       2910       6410
20120629        -30       6380
20120731       -330       6050
20120831      -1330       4720
20120928       -380       4340
20121031        420       4760
20121130       -260       4500
20121231      -1210       3290
20130131       -520       2770
20130228      -2620        150
20130328      -1150      -1000
20130430      -1830      -2830
20130531         20      -2810
20130628      -1720      -4530
20130731      -2910      -7440
20130830       1530      -5910
20130930        260      -5650
20131031       -190      -5840
20131129       1470      -4370
20131231      -1100      -5470
20140131       -830      -6300
20140228       -330      -6630
20140331       -690      -7320
20140430       -830      -8150
20140530        880      -7270
20140630        880      -6390
20140731       1170      -5220
20140829        710      -4510
20140930       -160      -4670
20141031        -40      -4710
20141128       -100      -4810
20141231       1750      -3060
20150130       2360       -700
20150227         50       -650
20150331       -700      -1350
20150430      -2070      -3420
20150529       1570      -1850
20150630        -10      -1860
20150731       2160        300
20150831          0        300
20150930          0        300
20151030        100        400
20151130        -20        380
20151231        680       1060
20160129       1970       3030
20160229       1680       4710
20160331       2190       6900
20160401       -130       6770
------------------------------
------------------------------
Sys Name : DMACross
Mkt Symb : S2
Profit/Loss : -34412.5
Num Trades : 89
Percent Wins : 1.292
Avg Win  : 786.96
Avg Loss : -1984.33
Avg Trade: -386.66
MAX DrawDown: 60850.0
------------------------------
20040528          0          0
20040630          0          0
20040730        -62        -62
20040831      -2912      -2975
20040930        462      -2512
20041029       -138      -2650
20041130      -2812      -5462
20041230       -800      -6262
20050131        -62      -6325
20050228      -1262      -7588
20050331       2025      -5562
20050429       -212      -5775
20050531       -775      -6550
20050630       2212      -4338
20050729       -362      -4700
20050831       4400       -300
20050930       1275        975
20051031        488       1462
20051130       -975        488
20051230      -3288      -2800
20060131      -2912      -5712
20060228        612      -5100
20060331      -1850      -6950
20060428       -775      -7725
20060531      -1725      -9450
20060630        -25      -9475
20060731        262      -9212
20060831       2200      -7012
20060929        412      -6600
20061031       1188      -5412
20061130          0      -5412
20061229      -1150      -6562
20070131       -900      -7462
20070228       2738      -4725
20070330        412      -4312
20070430       1775      -2538
20070531      -1962      -4500
20070629       2450      -2050
20070731          0      -2050
20070831       -988      -3038
20070928       1550      -1488
20071031          0      -1488
20071130          0      -1488
20071231          0      -1488
20080131          0      -1488
20080229          0      -1488
20080331       6500       5012
20080430      -8862      -3850
20080530      -2475      -6325
20080630        862      -5462
20080731       -650      -6112
20080829       4000      -2112
20080930      13950      11838
20081031       6088      17925
20081128       2500      20425
20081231      -4688      15738
20090130       2950      18688
20090227        900      19588
20090331      -3525      16062
20090430       2900      18962
20090529          0      18962
20090630          0      18962
20090731      -2100      16862
20090831      -3225      13638
20090930        -25      13612
20091030      -5225       8388
20091130      -1175       7212
20091231          0       7212
20100129       5600      12812
20100226      -2000      10812
20100331        200      11012
20100430        412      11425
20100528      -3088       8338
20100630        238       8575
20100730       2650      11225
20100831          0      11225
20100930          0      11225
20101029          0      11225
20101130          0      11225
20101231          0      11225
20110131          0      11225
20110228          0      11225
20110331      -2462       8762
20110429        675       9438
20110531      -6700       2738
20110630       -975       1762
20110729      -5550      -3788
20110831      -4012      -7800
20110930        -12      -7812
20111031      -4650     -12462
20111130          0     -12462
20111230          0     -12462
20120131      -2475     -14938
20120229          0     -14938
20120330          0     -14938
20120430          0     -14938
20120531       1800     -13138
20120629      -3288     -16425
20120731       1688     -14738
20120831          0     -14738
20120928          0     -14738
20121031        700     -14038
20121130       5500      -8538
20121231      -1462     -10000
20130131      -3562     -13562
20130228      -2250     -15812
20130328          0     -15812
20130430      -3025     -18838
20130531       2900     -15938
20130628          0     -15938
20130731       3925     -12012
20130830      -6950     -18962
20130930      -2212     -21175
20131031       1350     -19825
20131129      -2888     -22712
20131231      -1762     -24475
20140131      -3538     -28012
20140228       2900     -25112
20140331          0     -25112
20140430          0     -25112
20140530          0     -25112
20140630       3225     -21888
20140731       3762     -18125
20140829       2888     -15238
20140930       5550      -9688
20141031      -6525     -16212
20141128      -2325     -18538
20141231      -1950     -20488
20150130        600     -19888
20150227      -3338     -23225
20150331       1500     -21725
20150430        -38     -21762
20150529       -275     -22038
20150630       -900     -22938
20150731          0     -22938
20150831      -2662     -25600
20150930          0     -25600
20151030      -1388     -26988
20151130      -2200     -29188
20151231      -1512     -30700
20160129       -975     -31675
20160229      -1850     -33525
20160331      -1262     -34788
20160401        375     -34412
------------------------------
------------------------------
Sys Name : DMACross
Mkt Symb : SB
Profit/Loss : 18953.6
Num Trades : 79
Percent Wins : 1.443
Avg Win  : 556.29
Avg Loss : -1012.8
Avg Trade: 239.92
MAX DrawDown: 11228.8
------------------------------
20040430      -1051      -1051
20040528       -940      -1991
20040630        281      -1710
20040730        661      -1050
20040831      -1097      -2146
20040930       -224      -2370
20041029       -324      -2694
20041130       -369      -3063
20041230        348      -2715
20050131        202      -2514
20050228       -459      -2973
20050331       -246      -3218
20050429        202      -3017
20050531       -112      -3129
20050630        550      -2579
20050729        560      -2019
20050831        269      -1750
20050930        773       -978
20051031        112       -866
20051130        626       -239
20051230          0       -239
20060131          0       -239
20060228          0       -239
20060331      -1434      -1673
20060428        930       -742
20060531       3182       2439
20060630       -616       1823
20060731      -2474       -650
20060831       3472       2822
20060929       1053       3874
20061031        224       4098
20061130       -100       3998
20061229      -2137       1862
20070131       1288       3150
20070228         22       3172
20070330       -312       2860
20070430        750       3610
20070531       -269       3342
20070629        179       3521
20070731        740       4261
20070831      -1433       2828
20070928       -514       2314
20071031       -190       2123
20071130       -290       1833
20071231       -895        938
20080131       1725       2662
20080229        974       3636
20080331        504       4140
20080430        582       4722
20080530       2005       6727
20080630      -1848       4879
20080731       -559       4320
20080829      -1757       2563
20080930      -1041       1522
20081031       1837       3359
20081128       1423       4782
20081231      -2978       1804
20090130        482       2286
20090227        795       3082
20090331       -346       2735
20090430       -750       1986
20090529       1366       3352
20090630       -704       2648
20090731        851       3499
20090831       2049       5548
20090930       -504       5044
20091030       2890       7934
20091130        190       8124
20091231       -156       7968
20100129        514       8482
20100226        582       9065
20100331       7851      16916
20100430       1870      18786
20100528       1075      19862
20100630      -1959      17902
20100730       2676      20578
20100831          0      20578
20100930          0      20578
20101029          0      20578
20101130          0      20578
20101231      -6450      14129
20110131          0      14129
20110228       -795      13334
20110331      -1377      11957
20110429          0      11957
20110531          0      11957
20110630       2900      14857
20110729          0      14857
20110831       1434      16290
20110930      -2586      13705
20111031      -1634      12070
20111130       -570      11500
20111230        437      11937
20120131       -974      10963
20120229       3146      14110
20120330          0      14110
20120430       1490      15599
20120531       1904      17503
20120629      -1108      16395
20120731       2026      18422
20120831        414      18836
20120928        101      18937
20121031      -3459      15478
20121130        134      15612
20121231       -190      15422
20130131        818      16239
20130228        403      16642
20130328      -2038      14605
20130430       -100      14505
20130531       1176      15681
20130628        -90      15591
20130731        -56      15535
20130830      -1433      14102
20130930       1155      15258
20131031        202      15459
20131129       -313      15146
20131231        829      15975
20140131        963      16938
20140228      -2071      14867
20140331        123      14990
20140430      -1041      13950
20140530        381      14330
20140630        213      14543
20140731       1043      15586
20140829       1086      16673
20140930       1344      18017
20141031       -671      17346
20141128       -850      16495
20141231       1198      17694
20150130      -1231      16462
20150227       1558      18020
20150331       2061      20081
20150430      -2116      17965
20150529      -1690      16274
20150630       -157      16118
20150731       -323      15794
20150831        504      16298
20150930       -111      16187
20151030       1837      18024
20151130        279      18303
20151231          0      18303
20160129       2352      20655
20160229      -1400      19255
20160331       -111      19144
20160401       -190      18954
------------------------------
------------------------------
Sys Name : DMACross
Mkt Symb : SF
Profit/Loss : -16537.5
Num Trades : 89
Percent Wins : 1.427
Avg Win  : 762.01
Avg Loss : -2221.81
Avg Trade: -185.81
MAX DrawDown: 46700.0
------------------------------
20040528       2212       2212
20040630        688       2900
20040730          0       2900
20040831      -2200        700
20040930          0        700
20041029       2900       3600
20041130          0       3600
20041231          0       3600
20050131        775       4375
20050228      -2400       1975
20050331      -2150       -175
20050429      -2375      -2550
20050531        925      -1625
20050630       2763       1137
20050729        713       1850
20050831      -5238      -3388
20050930        350      -3038
20051031       -300      -3338
20051130       2200      -1138
20051230        475       -663
20060131       2775       2112
20060228        150       2262
20060331       -325       1937
20060428       1737       3675
20060531          0       3675
20060630      -1250       2425
20060731        850       3275
20060831      -1163       2112
20060929       1887       4000
20061031       -262       3737
20061130       3175       6912
20061229          0       6912
20070131        900       7812
20070228      -2200       5612
20070330        -62       5550
20070430        588       6137
20070531      -2063       4075
20070629        -25       4050
20070731      -1575       2475
20070831         12       2487
20070928        225       2712
20071031        325       3037
20071130        625       3662
20071231      -2900        762
20080131       1825       2587
20080229       1075       3662
20080331          0       3662
20080430       -112       3550
20080530       1037       4587
20080630       2950       7538
20080731          0       7538
20080829       5375      12913
20080930       1400      14313
20081031       1837      16150
20081128       5288      21438
20081231     -10175      11263
20090130          0      11263
20090227        587      11850
20090331      -6625       5225
20090430          0       5225
20090529       -425       4800
20090630          0       4800
20090731       -975       3825
20090831        963       4787
20090930       1600       6388
20091030          0       6388
20091130          0       6388
20091231       -713       5675
20100129      -2363       3313
20100226          0       3313
20100331        375       3688
20100430      -3525        163
20100528       8025       8188
20100630      -5787       2400
20100730       1800       4200
20100831          0       4200
20100930          0       4200
20101029          0       4200
20101130       3287       7488
20101231      -2987       4500
20110131          0       4500
20110228          0       4500
20110331          0       4500
20110429          0       4500
20110531          0       4500
20110630          0       4500
20110729          0       4500
20110831          0       4500
20110930       8438      12938
20111031      -4988       7950
20111130      -1600       6350
20111230       3837      10188
20120131      -2575       7613
20120229       2325       9938
20120330        -87       9850
20120430       3688      13538
20120531       9088      22625
20120629      -2963      19663
20120731       3800      23463
20120831       -512      22950
20120928       1712      24663
20121031          0      24663
20121130      -2700      21963
20121231       2900      24863
20130131      -2638      22225
20130228      -2137      20088
20130328        775      20863
20130430      -7525      13338
20130531       -812      12525
20130628      -4638       7888
20130731      -2450       5438
20130830       -437       5000
20130930      -4013        988
20131031       -275        713
20131129      -3900      -3187
20131231      -2175      -5362
20140131      -1550      -6912
20140228       -375      -7287
20140331        750      -6537
20140430        775      -5762
20140530      -2275      -8037
20140630      -1312      -9350
20140731       -300      -9650
20140829       1475      -8175
20140930       5250      -2925
20141031       1087      -1837
20141128        525      -1312
20141231       3587       2275
20150130     -19850     -17575
20150227          0     -17575
20150331       1787     -15787
20150430       3587     -12200
20150529          0     -12200
20150630       1400     -10800
20150731       1550      -9250
20150831       -137      -9388
20150930       -137      -9525
20151030      -4375     -13900
20151130       4200      -9700
20151231      -5737     -15437
20160129        987     -14450
20160229      -6212     -20662
20160331       4125     -16537
20160401          0     -16537
------------------------------
------------------------------
Sys Name : DMACross
Mkt Symb : SI
Profit/Loss : -79490.0
Num Trades : 87
Percent Wins : 1.31
Avg Win  : 981.71
Avg Loss : -3190.08
Avg Trade: -913.68
MAX DrawDown: 90325.0
------------------------------
20040430          0          0
20040528          0          0
20040630        100        100
20040730       2010       2110
20040831          0       2110
20040930      -2425       -315
20041029         50       -265
20041130       2085       1820
20041230        595       2415
20050131        450       2865
20050228      -1720       1145
20050331      -1075         70
20050429        -65          5
20050531      -2560      -2555
20050630      -2610      -5165
20050729      -1535      -6700
20050831      -2255      -8955
20050930      -1530     -10485
20051031        340     -10145
20051130       1825      -8320
20051230          0      -8320
20060131          0      -8320
20060228          0      -8320
20060331          0      -8320
20060428          0      -8320
20060531          0      -8320
20060630       6260      -2060
20060731        550      -1510
20060831       1450        -60
20060929      -2850      -2910
20061031        100      -2810
20061130       2800        -10
20061229          0        -10
20070131      -3050      -3060
20070228       2900       -160
20070330      -2125      -2285
20070430      -3875      -6160
20070531       -825      -6985
20070629      -7085     -14070
20070731      -1435     -15505
20070831      -8705     -24210
20070928        210     -24000
20071031       1500     -22500
20071130          0     -22500
20071231       -475     -22975
20080131        950     -22025
20080229          0     -22025
20080331          0     -22025
20080430      -2325     -24350
20080530          0     -24350
20080630      -8325     -32675
20080731      -2625     -35300
20080829       8620     -26680
20080930       7160     -19520
20081031      12725      -6795
20081128      -2255      -9050
20081231       1825      -7225
20090130          0      -7225
20090227          0      -7225
20090331       4275      -2950
20090430       3405        455
20090529      -5675      -5220
20090630          0      -5220
20090731      -1700      -6920
20090831      -5225     -12145
20090930          0     -12145
20091030          0     -12145
20091130          0     -12145
20091231       2975      -9170
20100129     -10375     -19545
20100226      -3125     -22670
20100331      -2135     -24805
20100430          0     -24805
20100528          0     -24805
20100630      -4485     -29290
20100730      -2985     -32275
20100831       2900     -29375
20100930          0     -29375
20101029          0     -29375
20101130          0     -29375
20101231          0     -29375
20110131      -5670     -35045
20110228       2900     -32145
20110331          0     -32145
20110429          0     -32145
20110531      -6080     -38225
20110630          0     -38225
20110729       2900     -35325
20110831          0     -35325
20110930      -7900     -43225
20111031          0     -43225
20111130      -2795     -46020
20111230      24145     -21875
20120131     -31980     -53855
20120229          0     -53855
20120330      -2715     -56570
20120430          0     -56570
20120531          0     -56570
20120629          0     -56570
20120731          0     -56570
20120831       2900     -53670
20120928          0     -53670
20121031      -2390     -56060
20121130          0     -56060
20121231       1250     -54810
20130131      -4000     -58810
20130228      -7035     -65845
20130328          0     -65845
20130430          0     -65845
20130531          0     -65845
20130628          0     -65845
20130731          0     -65845
20130830       2900     -62945
20130930          0     -62945
20131031      -3490     -66435
20131129       -985     -67420
20131231       3315     -64105
20140131      -7175     -71280
20140228      -4325     -75605
20140331        190     -75415
20140430       3140     -72275
20140530       2460     -69815
20140630      -9515     -79330
20140731       2485     -76845
20140829       3035     -73810
20140930      12175     -61635
20141031       4755     -56880
20141128       3040     -53840
20141231     -10175     -64015
20150130     -10360     -74375
20150227      -1645     -76020
20150331      -1725     -77745
20150430      -3420     -81165
20150529      -4450     -85615
20150630       2665     -82950
20150731       4180     -78770
20150831       1135     -77635
20150930      -2495     -80130
20151030      -2270     -82400
20151130        895     -81505
20151231       1415     -80090
20160129      -2300     -82390
20160229       2900     -79490
20160331          0     -79490
20160401          0     -79490
------------------------------
------------------------------
Sys Name : DMACross
Mkt Symb : SM
Profit/Loss : 20930.0
Num Trades : 73
Percent Wins : 1.479
Avg Win  : 819.91
Avg Loss : -1782.11
Avg Trade: 286.71
MAX DrawDown: 19480.0
------------------------------
20040528          0          0
20040630          0          0
20040730      -1970      -1970
20040831       -570      -2540
20040930       2150       -390
20041029        580        190
20041130        -30        160
20041230        570        730
20050131        540       1270
20050228       -700        570
20050331       1670       2240
20050429       -820       1420
20050531       2120       3540
20050630        810       4350
20050729        570       4920
20050831       2680       7600
20050930       1520       9120
20051031         70       9190
20051130       -800       8390
20051230       3160      11550
20060131       -660      10890
20060228       1090      11980
20060331        150      12130
20060428        150      12280
20060531       -930      11350
20060630        260      11610
20060731       1100      12710
20060831        760      13470
20060929       -310      13160
20061031       2570      15730
20061130        210      15940
20061229       -280      15660
20070131      -1930      13730
20070228       1830      15560
20070330        330      15890
20070430       1930      17820
20070531      -2170      15650
20070629       1320      16970
20070731       1710      18680
20070831      -2210      16470
20070928       2990      19460
20071031          0      19460
20071130          0      19460
20071231          0      19460
20080131          0      19460
20080229          0      19460
20080331      -2100      17360
20080430          0      17360
20080530       -770      16590
20080630        950      17540
20080731          0      17540
20080829       1750      19290
20080930       7300      26590
20081031       1200      27790
20081128       -730      27060
20081231      -2830      24230
20090130       1120      25350
20090227      -3910      21440
20090331      -1960      19480
20090430       2900      22380
20090529          0      22380
20090630          0      22380
20090731      -2280      20100
20090831      -2570      17530
20090930        -20      17510
20091030      -1830      15680
20091130       2450      18130
20091231          0      18130
20100129       1200      19330
20100226       -220      19110
20100331        420      19530
20100430       2850      22380
20100528       -220      22160
20100630      -2440      19720
20100730       3060      22780
20100831        460      23240
20100930          0      23240
20101029          0      23240
20101130          0      23240
20101231       1400      24640
20110131        690      25330
20110228       -700      24630
20110331       -880      23750
20110429       1260      25010
20110531        830      25840
20110630      -3640      22200
20110729      -3230      18970
20110831      -1330      17640
20110930       2190      19830
20111031       -750      19080
20111130       2530      21610
20111230      -1700      19910
20120131       -980      18930
20120229       3030      21960
20120330          0      21960
20120430          0      21960
20120531          0      21960
20120629      -3040      18920
20120731       2900      21820
20120831          0      21820
20120928          0      21820
20121031       -770      21050
20121130       4250      25300
20121231       -590      24710
20130131      -3750      20960
20130228       2900      23860
20130328          0      23860
20130430      -1790      22070
20130531       3490      25560
20130628          0      25560
20130731        850      26410
20130830      -5300      21110
20130930      -1310      19800
20131031        810      20610
20131129      -6630      13980
20131231       -820      13160
20140131      -1110      12050
20140228       2010      14060
20140331          0      14060
20140430          0      14060
20140530          0      14060
20140630       1960      16020
20140731       1860      17880
20140829       -190      17690
20140930       5180      22870
20141031      -4990      17880
20141128          0      17880
20141231       -240      17640
20150130       1770      19410
20150227      -2130      17280
20150331      -2640      14640
20150430        980      15620
20150529       1040      16660
20150630       1060      17720
20150731          0      17720
20150831         50      17770
20150930        230      18000
20151030        920      18920
20151130        270      19190
20151231       2150      21340
20160129       -690      20650
20160229       1100      21750
20160331      -1020      20730
20160401        200      20930
------------------------------
------------------------------
Sys Name : DMACross
Mkt Symb : SP
Profit/Loss : -178050.0
Num Trades : 82
Percent Wins : 1.329
Avg Win  : 1318.81
Avg Loss : -5850.91
Avg Trade: -2171.34
MAX DrawDown: 191300.0
------------------------------
20040528      -4500      -4500
20040630      -2350      -6850
20040730      -6750     -13600
20040831          0     -13600
20040930      -2400     -16000
20041029      -8200     -24200
20041130       2900     -21300
20041231          0     -21300
20050131      -2400     -23700
20050228      -8900     -32600
20050331      -4100     -36700
20050429          0     -36700
20050531      -2000     -38700
20050630       4900     -33800
20050729          0     -33800
20050831      -4350     -38150
20050930       2900     -35250
20051031      -4650     -39900
20051130      -2450     -42350
20051230          0     -42350
20060131          0     -42350
20060228      -6350     -48700
20060331      -2900     -51600
20060428          0     -51600
20060531     -16650     -68250
20060630          0     -68250
20060731       2900     -65350
20060831          0     -65350
20060929          0     -65350
20061031          0     -65350
20061130          0     -65350
20061229          0     -65350
20070131          0     -65350
20070228          0     -65350
20070330      -4800     -70150
20070430       2900     -67250
20070531          0     -67250
20070629       1750     -65500
20070731      -5000     -70500
20070831      -6000     -76500
20070928       2900     -73600
20071031          0     -73600
20071130      20650     -52950
20071231     -14850     -67800
20080131      -7400     -75200
20080229          0     -75200
20080331          0     -75200
20080430     -13700     -88900
20080530          0     -88900
20080630      38650     -50250
20080731       7000     -43250
20080829     -10550     -53800
20080930      -3250     -57050
20081031          0     -57050
20081128          0     -57050
20081231       2900     -54150
20090130      -2750     -56900
20090227          0     -56900
20090331          0     -56900
20090430       2900     -54000
20090529          0     -54000
20090630          0     -54000
20090731      -5300     -59300
20090831          0     -59300
20090930          0     -59300
20091030          0     -59300
20091130          0     -59300
20091231          0     -59300
20100129          0     -59300
20100226      -2350     -61650
20100331       2900     -58750
20100430          0     -58750
20100528      34150     -24600
20100630      28800       4200
20100730     -32400     -28200
20100831      -1600     -29800
20100930     -19350     -49150
20101029          0     -49150
20101130          0     -49150
20101231          0     -49150
20110131          0     -49150
20110228          0     -49150
20110331      -2800     -51950
20110429       2900     -49050
20110531          0     -49050
20110630      -4350     -53400
20110729      -2850     -56250
20110831      -5250     -61500
20110930       2900     -58600
20111031     -25100     -83700
20111130          0     -83700
20111230      -2950     -86650
20120131          0     -86650
20120229          0     -86650
20120330          0     -86650
20120430      -8650     -95300
20120531          0     -95300
20120629          0     -95300
20120731       2900     -92400
20120831          0     -92400
20120928          0     -92400
20121031        400     -92000
20121130      -8300    -100300
20121231       2900     -97400
20130131          0     -97400
20130228          0     -97400
20130328          0     -97400
20130430          0     -97400
20130531          0     -97400
20130628      -5800    -103200
20130731       2900    -100300
20130830      -2350    -102650
20130930      -3450    -106100
20131031          0    -106100
20131129          0    -106100
20131231          0    -106100
20140131          0    -106100
20140228     -11550    -117650
20140331       2900    -114750
20140430     -12400    -127150
20140530      -5850    -133000
20140630          0    -133000
20140731          0    -133000
20140829      -4550    -137550
20140930       2900    -134650
20141031     -17050    -151700
20141128       2900    -148800
20141231          0    -148800
20150130      -2100    -150900
20150227       2900    -148000
20150331     -11600    -159600
20150430       2900    -156700
20150529          0    -156700
20150630      30150    -126550
20150731     -35050    -161600
20150831      -9050    -170650
20150930          0    -170650
20151030      -5050    -175700
20151130          0    -175700
20151231      -5250    -180950
20160129          0    -180950
20160229          0    -180950
20160331       2900    -178050
20160401          0    -178050
------------------------------
------------------------------
Sys Name : DMACross
Mkt Symb : TU
Profit/Loss : -13085.0
Num Trades : 82
Percent Wins : 1.244
Avg Win  : 202.21
Avg Loss : -545.32
Avg Trade: -159.57
MAX DrawDown: 18413.2
------------------------------
20040528          0          0
20040630          0          0
20040730       -234       -234
20040831       1500       1266
20040930       -438        828
20041029      -1419       -591
20041130       -850      -1441
20041231       -156      -1597
20050131        531      -1066
20050228        859       -207
20050331        500        293
20050429      -1725      -1431
20050531        391      -1041
20050630        -31      -1072
20050729        416       -656
20050831       -828      -1485
20050930      -1491      -2975
20051031        275      -2700
20051130        -47      -2747
20051230        244      -2503
20060131       -344      -2847
20060228        -22      -2869
20060331        516      -2353
20060428        125      -2228
20060531        609      -1619
20060630        437      -1181
20060731       -725      -1906
20060831        563      -1344
20060929        156      -1188
20061031      -1694      -2881
20061130        588      -2294
20061229       -969      -3263
20070131        525      -2737
20070228      -1053      -3791
20070330        -63      -3853
20070430       -991      -4844
20070531       1234      -3609
20070629         16      -3594
20070731       1337      -2256
20070831       1603       -653
20070928          0       -653
20071031          0       -653
20071130          0       -653
20071231          0       -653
20080131          0       -653
20080229          0       -653
20080331          0       -653
20080430       1750       1097
20080530       1000       2097
20080630       -578       1519
20080731        384       1903
20080829        938       2841
20080930       1322       4162
20081031          0       4162
20081128          0       4162
20081231          0       4162
20090130          0       4162
20090227         16       4178
20090331       1025       5203
20090430       -344       4859
20090529       -935       3925
20090630      -3678        247
20090731      -1584      -1338
20090831       -466      -1804
20090930        625      -1179
20091030        641       -538
20091130       1400        862
20091231        188       1050
20100129      -1412       -363
20100226        469        106
20100331       -866       -759
20100430       -350      -1109
20100528       1125         16
20100630        687        703
20100730        297       1000
20100831        312       1313
20100930        344       1656
20101029        -53       1603
20101130       -234       1369
20101231        469       1838
20110131        306       2144
20110228      -2053         91
20110331       -866       -775
20110429       -669      -1444
20110531        797       -647
20110630        156       -491
20110729        578         87
20110831        609        697
20110930       -366        331
20111031        -78        253
20111130       -303        -50
20111230         47         -3
20120131         65         62
20120229       -428       -366
20120330         94       -272
20120430       -319       -591
20120531        -31       -622
20120629        244       -378
20120731       -553       -932
20120831       -459      -1391
20120928        165      -1225
20121031        -84      -1310
20121130        -69      -1378
20121231         16      -1363
20130131       -272      -1635
20130228       -225      -1860
20130328        -16      -1875
20130430       -153      -2029
20130531       -350      -2378
20130628        141      -2238
20130731       -413      -2650
20130830       -288      -2938
20130930       -663      -3601
20131031        156      -3444
20131129        156      -3288
20131231       -303      -3591
20140131       -391      -3982
20140228       -131      -4113
20140331       -756      -4869
20140430       -131      -5001
20140530        359      -4641
20140630       -772      -5413
20140731        172      -5241
20140829       -256      -5498
20140930       -413      -5910
20141031       -569      -6479
20141128       -272      -6751
20141231       -403      -7154
20150130       -803      -7957
20150227       -459      -8416
20150331       -303      -8720
20150430        109      -8610
20150529        -84      -8695
20150630       -653      -9348
20150731       -381      -9729
20150831      -1103     -10832
20150930        563     -10270
20151030       -375     -10645
20151130       -600     -11244
20151231        312     -10932
20160129       -522     -11454
20160229        -47     -11501
20160331      -1709     -13210
20160401        125     -13085
------------------------------
------------------------------
Sys Name : DMACross
Mkt Symb : TY
Profit/Loss : -25190.0
Num Trades : 82
Percent Wins : 1.329
Avg Win  : 478.65
Avg Loss : -1408.42
Avg Trade: -307.2
MAX DrawDown: 35128.0
------------------------------
20040528          0          0
20040630        875        875
20040730       1391       2266
20040831        634       2900
20040930          0       2900
20041029          0       2900
20041130        844       3744
20041231       -444       3300
20050131      -1022       2278
20050228      -2271          7
20050331       1071       1078
20050429      -2288      -1210
20050531       1422        212
20050630        203        415
20050729        260        675
20050831      -1937      -1262
20050930      -2418      -3680
20051031       1156      -2524
20051130       -281      -2805
20051230        681      -2124
20060131       -968      -3092
20060228         88      -3004
20060331       1515      -1489
20060428        813       -676
20060531        500       -176
20060630      -3108      -3284
20060731       -491      -3775
20060831       1391      -2384
20060929       1119      -1265
20061031      -1141      -2406
20061130       1166      -1240
20061229      -1718      -2958
20070131        869      -2089
20070228      -2350      -4439
20070330       -468      -4907
20070430      -1397      -6304
20070531       -448      -6752
20070629        672      -6080
20070731        555      -5525
20070831       1713      -3812
20070928          0      -3812
20071031      -2818      -6630
20071130       3525      -3105
20071231          0      -3105
20080131          0      -3105
20080229          0      -3105
20080331          0      -3105
20080430        438      -2667
20080530       1859       -808
20080630      -1516      -2324
20080731      -4013      -6337
20080829          0      -6337
20080930          0      -6337
20081031      -2397      -8734
20081128       2900      -5834
20081231          0      -5834
20090130       1172      -4662
20090227        969      -3693
20090331      -5850      -9543
20090430      -1474     -11017
20090529       2312      -8705
20090630        734      -7971
20090731      -4559     -12530
20090831      -2209     -14739
20090930       1109     -13630
20091030        281     -13349
20091130       -105     -13454
20091231      -3538     -16992
20100129      -2459     -19451
20100226       1047     -18404
20100331      -1335     -19739
20100430      -1757     -21496
20100528       2900     -18596
20100630          0     -18596
20100730          0     -18596
20100831          0     -18596
20100930          0     -18596
20101029          0     -18596
20101130       -281     -18877
20101231       3672     -15205
20110131      -1178     -16383
20110228      -4466     -20849
20110331      -1156     -22005
20110429      -1965     -23970
20110531       2891     -21079
20110630          9     -21070
20110729          0     -21070
20110831          0     -21070
20110930          0     -21070
20111031       -938     -22008
20111130      -1459     -23467
20111230       1781     -21686
20120131       1125     -20561
20120229       -984     -21545
20120330       -815     -22360
20120430      -1177     -23537
20120531       2040     -21497
20120629          0     -21497
20120731          0     -21497
20120831      -2490     -23987
20120928       1281     -22706
20121031      -1491     -24197
20121130      -1319     -25516
20121231      -1521     -27037
20130131       1500     -25537
20130228      -1422     -26959
20130328       -131     -27090
20130430       1375     -25715
20130531        103     -25612
20130628       2656     -22956
20130731        125     -22831
20130830      -3512     -26343
20130930      -1428     -27771
20131031        968     -26803
20131129       -756     -27559
20131231       2328     -25231
20140131      -2553     -27784
20140228        359     -27425
20140331      -1287     -28712
20140430       -366     -29078
20140530       1906     -27172
20140630      -1662     -28834
20140731       -132     -28966
20140829       1718     -27248
20140930      -2067     -29315
20141031       1065     -28250
20141128      -1094     -29344
20141231       -444     -29788
20150130       3197     -26591
20150227        297     -26294
20150331      -1209     -27503
20150430       -531     -28034
20150529      -2006     -30040
20150630       1516     -28524
20150731       1728     -26796
20150831       1353     -25443
20150930          0     -25443
20151030          0     -25443
20151130       -969     -26412
20151231       -881     -27293
20160129       3556     -23737
20160229          0     -23737
20160331      -1547     -25284
20160401         94     -25190
------------------------------
------------------------------
Sys Name : DMACross
Mkt Symb : US
Profit/Loss : -9534.0
Num Trades : 88
Percent Wins : 1.375
Avg Win  : 884.4
Avg Loss : -2119.03
Avg Trade: -108.34
MAX DrawDown: 37421.5
------------------------------
20040528          0          0
20040630       1094       1094
20040730       1806       2900
20040831          0       2900
20040930          0       2900
20041029          0       2900
20041130        375       3275
20041231      -3006        269
20050131       2344       2612
20050228        525       3138
20050331       1062       4200
20050429      -2631       1569
20050531       2431       4000
20050630          0       4000
20050729       1188       5188
20050831      -3162       2025
20050930      -1788        238
20051031       2438       2675
20051130       -312       2362
20051230       1494       3856
20060131       1025       4881
20060228       -562       4319
20060331       3938       8256
20060428       2312      10569
20060531        438      11006
20060630      -3981       7025
20060731       -600       6425
20060831       2119       8544
20060929          0       8544
20061031      -1312       7231
20061130        369       7600
20061229      -3038       4562
20070131       1312       5875
20070228      -3787       2088
20070330      -1788        300
20070430      -1438      -1137
20070531      -2200      -3337
20070629       1375      -1962
20070731        962      -1000
20070831       1212        213
20070928          0        213
20071031      -3756      -3544
20071130       3962        419
20071231       -688       -269
20080131       1269       1000
20080229      -2725      -1725
20080331      -1359      -3084
20080430       -991      -4075
20080530       2422      -1653
20080630      -2094      -3747
20080731      -4591      -8337
20080829      -2194     -10531
20080930       2634      -7897
20081031      -3006     -10903
20081128       2900      -8003
20081231          0      -8003
20090130       2906      -5097
20090227       2094      -3003
20090331      -5303      -8306
20090430       -350      -8656
20090529       3469      -5187
20090630       -703      -5890
20090731      -3700      -9590
20090831      -1928     -11519
20090930       1625      -9894
20091030        791      -9103
20091130      -2131     -11234
20091231      -2069     -13303
20100129      -2694     -15997
20100226      -2319     -18315
20100331      -3762     -22078
20100430      -2319     -24397
20100528       2900     -21497
20100630          0     -21497
20100730          0     -21497
20100831          0     -21497
20100930          0     -21497
20101029      -4075     -25572
20101130       2969     -22603
20101231       5156     -17447
20110131       1500     -15947
20110228      -1312     -17259
20110331       3800     -13459
20110429      -2569     -16028
20110531       2900     -13128
20110630          0     -13128
20110729       1588     -11540
20110831        838     -10703
20110930          0     -10703
20111031       -938     -11640
20111130      -4225     -15865
20111230      -1162     -17028
20120131       -812     -17840
20120229      -2231     -20072
20120330       3906     -16165
20120430      -3913     -20078
20120531       2244     -17834
20120629          0     -17834
20120731          0     -17834
20120831      -2100     -19934
20120928          0     -19934
20121031      -2138     -22072
20121130       1831     -20240
20121231      -3100     -23340
20130131       4031     -19309
20130228      -1812     -21122
20130328       5269     -15853
20130430          0     -15853
20130531       2688     -13165
20130628       4188      -8978
20130731       1781      -7197
20130830        719      -6478
20130930      -1469      -7947
20131031       2087      -5859
20131129      -5069     -10928
20131231       2438      -8490
20140131      -2819     -11309
20140228       1000     -10309
20140331        619      -9690
20140430          0      -9690
20140530          0      -9690
20140630      -1156     -10847
20140731       -256     -11103
20140829       2869      -8234
20140930      -1156      -9390
20141031       1081      -8309
20141128      -2162     -10472
20141231       2900      -7572
20150130          0      -7572
20150227       -875      -8447
20150331       -975      -9422
20150430       2494      -6928
20150529        438      -6490
20150630       4781      -1709
20150731        456      -1253
20150831          0      -1253
20150930      -4038      -5290
20151030       2900      -2390
20151130      -2194      -4584
20151231      -2256      -6840
20160129          0      -6840
20160229          0      -6840
20160331      -2694      -9534
20160401          0      -9534
------------------------------
