Testing from : 20040426 to: 20160401
---------------------------------------------------------------------------------
SysName         Market TotProfit  MaxDD ClsTrdDD AvgWin AvgLoss PerWins TotTrades
DMACross        W2        -24262  43250   42200    681   -1892    1.36        86
DMACross        RR          6770  20569   19229    474    -998    1.40        97
DMACross        S2        -34412  60850   54412    786   -1984    1.29        89
DMACross        SB         18953  11228   10008    556   -1012    1.44        79
DMACross        SF        -16537  46700   44300    762   -2221    1.43        89
DMACross        SI        -79489  90324   88199    981   -3190    1.31        87
DMACross        SM         20929  19480   17090    819   -1782    1.48        73
DMACross        SP       -178049 191299  180949   1318   -5850    1.33        82
DMACross        TU        -13085  18413   17694    202    -545    1.24        82
DMACross        TY        -25190  35128   34053    478   -1408    1.33        82
DMACross        US         -9534  37421   34852    884   -2119    1.38        88
---------------------------------------------------------------------------------
Totals                   -333907 340187
-------------------------------------------------------------------
Combined Monthly Return
Date         Profit Cum.Profit
-------------------------------------------------------------------
20040430      -1051      -1051
20040528      -3228      -4279
20040630        697      -3582
20040730       -759      -4341
20040831      -5245      -9586
20040930      -6974     -16560
20041029      -7078     -23638
20041130       3645     -19993
20041231      -2103     -22096
20050131       1109     -20986
20050228     -18748     -39735
20050331      -2415     -42150
20050429     -10643     -52792
20050531       1054     -51738
20050630      11719     -40019
20050729       1331     -38688
20050831      -8684     -47372
20050930      -3846     -51218
20051031      -2625     -53843
20051130       -629     -54471
20051230       -114     -54585
20060131       -274     -54860
20060228      -4319     -59178
20060331      -2748     -61926
20060428       6126     -55800
20060531     -18196     -73997
20060630      -2425     -76422
20060731       -222     -76644
20060831       6762     -69883
20060929       3280     -66602
20061031       -613     -67215
20061130       8000     -59215
20061229      -9166     -68382
20070131         40     -68342
20070228      -2273     -70615
20070330     -11340     -81955
20070430      -4442     -86397
20070531     -11807     -98205
20070629       1624     -96580
20070731      -3605    -100186
20070831     -14794    -114980
20070928       8561    -106419
20071031      -5000    -111419
20071130      26812     -84607
20071231     -16908    -101514
20080131      -4631    -106146
20080229       5224    -100922
20080331       3545     -97377
20080430     -15720    -113098
20080530       9913    -103184
20080630      18359     -84825
20080731       -298     -85124
20080829      -3678     -88802
20080930      35148     -53654
20081031      28221     -25433
20081128      15878      -9555
20081231     -22621     -32175
20090130       1801     -30375
20090227       2414     -27961
20090331     -20192     -48153
20090430       1013     -47141
20090529      -1807     -48948
20090630      -2771     -51719
20090731     -17552     -69271
20090831      -9609     -78881
20090930       6982     -71898
20091030      -5375     -77274
20091130       5742     -71532
20091231      -4588     -76120
20100129     -11996     -88115
20100226      -6345     -94461
20100331       6738     -87723
20100430      -1898     -89620
20100528      45533     -44088
20100630      18413     -25675
20100730     -26354     -52029
20100831       2922     -49107
20100930     -20744     -69850
20101029      -7828     -77679
20101130       2154     -75525
20101231        -80     -75605
20110131      -2427     -78032
20110228      -5047     -83079
20110331      -3456     -86535
20110429      -1433     -87967
20110531      -8457     -96425
20110630      -5890    -102314
20110729     -10435    -112749
20110831      -1762    -114511
20110930       -201    -114712
20111031     -42375    -157087
20111130      -9460    -166548
20111230      22472    -144075
20120131     -37703    -181778
20120229       5176    -176603
20120330      -4275    -180878
20120430      -8889    -189766
20120531      16004    -173762
20120629     -14272    -188034
20120731      15218    -172816
20120831      -2902    -175718
20120928       2230    -173489
20121031      -6912    -180401
20121130       -144    -180545
20121231       3267    -177278
20130131      -8468    -185746
20130228     -10811    -196558
20130328       4047    -192511
20130430     -14998    -207509
20130531      10539    -196970
20130628      -2438    -199408
20130731       3428    -195980
20130830     -13971    -209951
20130930     -14904    -224856
20131031       1068    -223787
20131129     -20901    -244689
20131231       5924    -238765
20140131     -16527    -255292
20140228     -16551    -271843
20140331       5486    -266356
20140430     -11503    -277859
20140530      -5389    -283248
20140630      -5190    -288438
20140731      12167    -276271
20140829       8534    -267737
20140930      29191    -238546
20141031     -23219    -261765
20141128       1824    -259941
20141231      -3776    -263717
20150130     -24917    -288635
20150227      -4567    -293202
20150331     -13741    -306943
20150430      -1766    -308710
20150529      -7946    -316656
20150630      42752    -273903
20150731     -25680    -299583
20150831      -8949    -308532
20150930      -7376    -315908
20151030      -7613    -323521
20151130      -1263    -324785
20151231     -10805    -335590
20160129       3916    -331673
20160229      -2254    -333928
20160331       -566    -334494
20160401        586    -333908
