------------------------------
Sys Name : DualMoving
Mkt Symb : AD
20080430      DMA Buy  1   0.79700       0.00       0.00
20080619   RevLongLiq  1   0.80770     970.00     970.00
20080619    DMA Short  1   0.80770       0.00       0.00
20080625   RevShrtLiq  1   0.81600    -930.00      40.00
20080625      DMA Buy  1   0.81600       0.00       0.00
20080801   RevLongLiq  1   0.79190   -2510.00   -2470.00
20080801    DMA Short  1   0.79190       0.00       0.00
20081215   RevShrtLiq  1   0.55250   23840.00   21370.00
20081215      DMA Buy  1   0.55250       0.00       0.00
20090122   RevLongLiq  1   0.54770    -580.00   20790.00
20090122    DMA Short  1   0.54770       0.00       0.00
20090318   RevShrtLiq  1   0.56840   -2170.00   18620.00
20090318      DMA Buy  1   0.56840       0.00       0.00
20090713   RevLongLiq  1   0.67780   10840.00   29460.00
20090713    DMA Short  1   0.67780       0.00       0.00
20090720     S-MMLoss  1   0.71220   -3540.00   25920.00
20090721    DMA Short  1   0.71100       0.00       0.00
20090722   RevShrtLiq  1   0.71500    -500.00   25420.00
20090722      DMA Buy  1   0.71500       0.00       0.00
20091209   RevLongLiq  1   0.81240    9640.00   35060.00
20091209    DMA Short  1   0.81240       0.00       0.00
20100111   RevShrtLiq  1   0.83950   -2810.00   32250.00
20100111      DMA Buy  1   0.83950       0.00       0.00
20100127     L-MMLoss  1   0.80550   -3500.00   28750.00
20100128      DMA Buy  1   0.80570       0.00       0.00
20100129   RevLongLiq  1   0.79640   -1030.00   27720.00
20100129    DMA Short  1   0.79640       0.00       0.00
20100304   RevShrtLiq  1   0.81440   -1900.00   25820.00
20100304      DMA Buy  1   0.81440       0.00       0.00
20100506   RevLongLiq  1   0.80280   -1260.00   24560.00
20100506    DMA Short  1   0.80280       0.00       0.00
20100622   RevShrtLiq  1   0.79810     370.00   24930.00
20100622      DMA Buy  1   0.79810       0.00       0.00
20100701     L-MMLoss  1   0.76640   -3270.00   21660.00
20100702      DMA Buy  1   0.76820       0.00       0.00
20100830   RevLongLiq  1   0.82540    5620.00   27280.00
20100830    DMA Short  1   0.82540       0.00       0.00
20100902   RevShrtLiq  1   0.84290   -1850.00   25430.00
20100902      DMA Buy  1   0.84290       0.00       0.00
20101124   RevLongLiq  1   0.92220    7830.00   33260.00
20101124    DMA Short  1   0.92220       0.00       0.00
20101213   RevShrtLiq  1   0.94000   -1880.00   31380.00
20101213      DMA Buy  1   0.94000       0.00       0.00
20110317   RevLongLiq  1   0.93590    -510.00   30870.00
20110317    DMA Short  1   0.93590       0.00       0.00
20110322     S-MMLoss  1   0.96720   -3230.00   27640.00
20110323    DMA Short  1   0.97050       0.00       0.00
20110328   RevShrtLiq  1   0.98340   -1390.00   26250.00
20110328      DMA Buy  1   0.98340       0.00       0.00
20110602   RevLongLiq  1   1.03160    4720.00   30970.00
20110602    DMA Short  1   1.03160       0.00       0.00
20110606   RevShrtLiq  1   1.03570    -510.00   30460.00
20110606      DMA Buy  1   1.03570       0.00       0.00
20110615   RevLongLiq  1   1.02060   -1610.00   28850.00
20110615    DMA Short  1   1.02060       0.00       0.00
20110705   RevShrtLiq  1   1.03780   -1820.00   27030.00
20110705      DMA Buy  1   1.03780       0.00       0.00
20110808     L-MMLoss  1   0.99450   -4430.00   22600.00
20110809    DMA Short  1   0.98190       0.00       0.00
20110815     S-MMLoss  1   1.02480   -4390.00   18210.00
20110816    DMA Short  1   1.02070       0.00       0.00
20110901     S-MMLoss  1   1.05110   -3140.00   15070.00
20110902      DMA Buy  1   1.04070       0.00       0.00
20110912     L-MMLoss  1   1.00420   -3750.00   11320.00
20110913    DMA Short  1   1.01040       0.00       0.00
20111020   RevShrtLiq  1   1.00840     100.00   11420.00
20111020      DMA Buy  1   1.00840       0.00       0.00
20111121     L-MMLoss  1   0.97000   -3940.00    7480.00
20111121    DMA Short  1   0.97000       0.00       0.00
20111130     S-MMLoss  1   1.01390   -4490.00    2990.00
20111201    DMA Short  1   1.01200       0.00       0.00
20111209   RevShrtLiq  1   1.01070      30.00    3020.00
20111209      DMA Buy  1   1.01070       0.00       0.00
20111214     L-MMLoss  1   0.97870   -3300.00    -280.00
20111214    DMA Short  1   0.97870       0.00       0.00
20111230   RevShrtLiq  1   1.01710   -3940.00   -4220.00
20111230      DMA Buy  1   1.01710       0.00       0.00
20120313   RevLongLiq  1   1.05000    3190.00   -1030.00
20120313    DMA Short  1   1.05000       0.00       0.00
20120619   RevShrtLiq  1   1.03010    1890.00     860.00
20120619      DMA Buy  1   1.03010       0.00       0.00
20120904   RevLongLiq  1   1.04050     940.00    1800.00
20120904    DMA Short  1   1.04050       0.00       0.00
20120913     S-MMLoss  1   1.07360   -3410.00   -1610.00
20120914    DMA Short  1   1.07540       0.00       0.00
20120918   RevShrtLiq  1   1.06320    1120.00    -490.00
20120918      DMA Buy  1   1.06320       0.00       0.00
20121002   RevLongLiq  1   1.04640   -1780.00   -2270.00
20121002    DMA Short  1   1.04640       0.00       0.00
20121026   RevShrtLiq  1   1.05990   -1450.00   -3720.00
20121026      DMA Buy  1   1.05990       0.00       0.00
20130102   RevLongLiq  1   1.07780    1690.00   -2030.00
20130102    DMA Short  1   1.07780       0.00       0.00
20130108   RevShrtLiq  1   1.07890    -210.00   -2240.00
20130108      DMA Buy  1   1.07890       0.00       0.00
20130201   RevLongLiq  1   1.07240    -750.00   -2990.00
20130201    DMA Short  1   1.07240       0.00       0.00
20130319   RevShrtLiq  1   1.07160     -20.00   -3010.00
20130319      DMA Buy  1   1.07160       0.00       0.00
20130424   RevLongLiq  1   1.06650    -610.00   -3620.00
20130424    DMA Short  1   1.06650       0.00       0.00
20130819   RevShrtLiq  1   0.95910   10640.00    7020.00
20130819      DMA Buy  1   0.95910       0.00       0.00
20130823   RevLongLiq  1   0.95010   -1000.00    6020.00
20130823    DMA Short  1   0.95010       0.00       0.00
20130910   RevShrtLiq  1   0.97900   -2990.00    3030.00
20130910      DMA Buy  1   0.97900       0.00       0.00
20131111   RevLongLiq  1   0.98600     600.00    3630.00
20131111    DMA Short  1   0.98600       0.00       0.00
20140211   RevShrtLiq  1   0.96080    2420.00    6050.00
20140211      DMA Buy  1   0.96080       0.00       0.00
20140527   RevLongLiq  1   0.98940    2760.00    8810.00
20140527    DMA Short  1   0.98940       0.00       0.00
20140610   RevShrtLiq  1   1.00140   -1300.00    7510.00
20140610      DMA Buy  1   1.00140       0.00       0.00
20140804   RevLongLiq  1   1.00100    -140.00    7370.00
20140804    DMA Short  1   1.00100       0.00       0.00
20140905   RevShrtLiq  1   1.00770    -770.00    6600.00
20140905      DMA Buy  1   1.00770       0.00       0.00
20140910   RevLongLiq  1   0.98610   -2260.00    4340.00
20140910    DMA Short  1   0.98610       0.00       0.00
20150327   RevShrtLiq  1   0.85880   12630.00   16970.00
20150327      DMA Buy  1   0.85880       0.00       0.00
20150402   RevLongLiq  1   0.84180   -1800.00   15170.00
20150402    DMA Short  1   0.84180       0.00       0.00
20150421   RevShrtLiq  1   0.85450   -1370.00   13800.00
20150421      DMA Buy  1   0.85450       0.00       0.00
20150529   RevLongLiq  1   0.85120    -430.00   13370.00
20150529    DMA Short  1   0.85120       0.00       0.00
20151012   RevShrtLiq  1   0.82850    2170.00   15540.00
20151012      DMA Buy  1   0.82850       0.00       0.00
20151105   RevLongLiq  1   0.80640   -2310.00   13230.00
20151105    DMA Short  1   0.80640       0.00       0.00
20151125   RevShrtLiq  1   0.81800   -1260.00   11970.00
20151125      DMA Buy  1   0.81800       0.00       0.00
20160108   RevLongLiq  1   0.79320   -2580.00    9390.00
20160108    DMA Short  1   0.79320       0.00       0.00
20160209   RevShrtLiq  1   0.80120    -900.00    8490.00
20160209      DMA Buy  1   0.80120       0.00       0.00
20160401        L-EOD  1   0.86520    6300.00   14790.00
