Testing from : 20080430 to: 20160401
---------------------------------------------------------------------------------
SysName         Market TotProfit  MaxDD ClsTrdDD AvgWin AvgLoss PerWins TotTrades
DualMoving      AD         14889  42509   39279   1199   -1990    1.31        70
---------------------------------------------------------------------------------
Totals                     14889  42509
-------------------------------------------------------------------
Combined Monthly Return
Date         Profit Cum.Profit
-------------------------------------------------------------------
20080430          0          0
20080530       1340       1340
20080630      -1280         60
20080731      -1240      -1180
20080829       5670       4490
20080930       5250       9740
20081031      12300      22040
20081128       1010      23050
20081231       2200      25250
20090130      -2210      23040
20090227       -910      22130
20090331      -1630      20500
20090430       3490      23990
20090529       7080      31070
20090630       1020      32090
20090731      -4940      27150
20090831       1030      28180
20090930       4120      32300
20091030       1950      34250
20091130       1610      35860
20091231       -220      35640
20100129      -7920      27720
20100226      -1420      26300
20100331       1450      27750
20100430       1080      28830
20100528       -840      27990
20100630      -5830      22160
20100730       5870      28030
20100831       -190      27840
20100930       3470      31310
20101029       1560      32870
20101130       2410      35280
20101231      -1070      34210
20110131      -2190      32020
20110228       2510      34530
20110331      -7320      27210
20110429       6400      33610
20110531      -2670      30940
20110630      -4170      26770
20110729       3670      30440
20110831     -14700      15740
20110930       1510      17250
20111031      -2360      14890
20111130     -11900       2990
20111230      -7210      -4220
20120131       3900       -320
20120229       1790       1470
20120330      -1270        200
20120430       -990       -790
20120531       6410       5620
20120629      -4180       1440
20120731       2990       4430
20120831      -1570       2860
20120928      -3880      -1020
20121031      -2530      -3550
20121130        700      -2850
20121231       -140      -2990
20130131        330      -2660
20130228       1360      -1300
20130328      -1150      -2450
20130430      -1960      -4410
20130531       7630       3220
20130628       3920       7140
20130731       1290       8430
20130830      -1140       7290
20130930      -4000       3290
20131031       1520       4810
20131129       1130       5940
20131231       1550       7490
20140131       1610       9100
20140228      -4010       5090
20140331       3600       8690
20140430        420       9110
20140530       -780       8330
20140630       -140       8190
20140731      -1110       7080
20140829         80       7160
20140930       1170       8330
20141031       -720       7610
20141128       2710      10320
20141231       3210      13530
20150130       3600      17130
20150227       -420      16710
20150331      -1180      15530
20150430        410      15940
20150529      -2570      13370
20150630       -740      12630
20150731       4090      16720
20150831       1580      18300
20150930        960      19260
20151030      -6050      13210
20151130      -1410      11800
20151231        720      12520
20160129      -4030       8490
20160229        890       9380
20160331       5490      14870
20160401         20      14890
