------------------------------
Sys Name : KeltChanStocks
Mkt Symb : xom.csv
20060502    KeltShort  1  64.67000       0.00       0.00
20060628  SX-C>KeltAv  1  61.12000     345.00     345.00
20060706      KeltBuy  1  63.47000       0.00       0.00
20060906  LX-C<KeltAv  1  67.18000     361.00     706.00
20060911    KeltShort  1  64.94000       0.00       0.00
20061006  SX-C>KeltAv  1  67.52000    -268.00     438.00
20061016      KeltBuy  1  69.83000       0.00       0.00
20070103  LX-C<KeltAv  1  74.11000     418.00     856.00
20070109    KeltShort  1  72.09000       0.00       0.00
20070124  SX-C>KeltAv  1  74.90000    -291.00     565.00
20070302    KeltShort  1  70.01000       0.00       0.00
20070322  SX-C>KeltAv  1  74.36000    -445.00     120.00
20070329      KeltBuy  1  76.24000       0.00       0.00
20070625  LX-C<KeltAv  1  82.37000     603.00     723.00
20070706      KeltBuy  1  86.46000       0.00       0.00
20070727  LX-C<KeltAv  1  85.59000     -97.00     626.00
20070803    KeltShort  1  82.08000       0.00       0.00
20070808  SX-C>KeltAv  1  87.90000    -592.00      34.00
20070816    KeltShort  1  80.67000       0.00       0.00
20070904  SX-C>KeltAv  1  87.23000    -666.00    -632.00
20070918      KeltBuy  1  91.76000       0.00       0.00
20071030  LX-C<KeltAv  1  91.14000     -72.00    -704.00
20071105    KeltShort  1  87.66000       0.00       0.00
20071205  SX-C>KeltAv  1  89.92000    -236.00    -940.00
20071224      KeltBuy  1  93.66000       0.00       0.00
20080111  LX-C<KeltAv  1  90.30000    -346.00   -1286.00
20080116    KeltShort  1  86.53000       0.00       0.00
20080220  SX-C>KeltAv  1  88.10000    -167.00   -1453.00
20080416      KeltBuy  1  92.89000       0.00       0.00
20080507  LX-C<KeltAv  1  88.82000    -417.00   -1870.00
20080519      KeltBuy  1  94.36000       0.00       0.00
20080523  LX-C<KeltAv  1  90.70000    -376.00   -2246.00
20080603    KeltShort  1  85.71000       0.00       0.00
20080828  SX-C>KeltAv  1  81.18000     443.00   -1803.00
20080909    KeltShort  1  73.26000       0.00       0.00
20080919  SX-C>KeltAv  1  79.61000    -645.00   -2448.00
20081009    KeltShort  1  68.00000       0.00       0.00
20081028  SX-C>KeltAv  1  74.86000    -696.00   -3144.00
20090217    KeltShort  1  71.28000       0.00       0.00
20090326  SX-C>KeltAv  1  71.23000      -5.00   -3149.00
20090601      KeltBuy  1  71.76000       0.00       0.00
20090622  LX-C<KeltAv  1  68.84000    -302.00   -3451.00
20090707    KeltShort  1  66.56000       0.00       0.00
20090721  SX-C>KeltAv  1  70.47000    -401.00   -3852.00
20091002    KeltShort  1  66.58000       0.00       0.00
20091009  SX-C>KeltAv  1  69.27000    -279.00   -4131.00
20091014      KeltBuy  1  71.84000       0.00       0.00
20091208  LX-C<KeltAv  1  72.95000     101.00   -4030.00
20091214    KeltShort  1  69.69000       0.00       0.00
20100305  SX-C>KeltAv  1  66.47000     312.00   -3718.00
20100405      KeltBuy  1  68.19000       0.00       0.00
20100504  LX-C<KeltAv  1  66.47000    -182.00   -3900.00
20100506    KeltShort  1  63.89000       0.00       0.00
20100726  SX-C>KeltAv  1  60.39000     340.00   -3560.00
20100803      KeltBuy  1  62.72000       0.00       0.00
20100813  LX-C<KeltAv  1  59.91000    -291.00   -3851.00
20101005      KeltBuy  1  63.26000       0.00       0.00
20110310  LX-C<KeltAv  1  81.38000    1802.00   -2049.00
20110316    KeltShort  1  79.31000       0.00       0.00
20110325  SX-C>KeltAv  1  83.62000    -441.00   -2490.00
20110426      KeltBuy  1  87.42000       0.00       0.00
20110505  LX-C<KeltAv  1  82.62000    -490.00   -2980.00
20110511    KeltShort  1  81.12000       0.00       0.00
20110630  SX-C>KeltAv  1  81.38000     -36.00   -3016.00
20110721      KeltBuy  1  85.02000       0.00       0.00
20110729  LX-C<KeltAv  1  79.79000    -533.00   -3549.00
20110802    KeltShort  1  77.84000       0.00       0.00
20110916  SX-C>KeltAv  1  74.55000     319.00   -3230.00
20111012      KeltBuy  1  77.16000       0.00       0.00
20111121  LX-C<KeltAv  1  76.91000     -35.00   -3265.00
20111125    KeltShort  1  73.90000       0.00       0.00
20111130  SX-C>KeltAv  1  80.44000    -664.00   -3929.00
20111221      KeltBuy  1  83.12000       0.00       0.00
20120131  LX-C<KeltAv  1  83.74000      52.00   -3877.00
20120410    KeltShort  1  82.17000       0.00       0.00
20120418  SX-C>KeltAv  1  85.75000    -368.00   -4245.00
20120510    KeltShort  1  82.84000       0.00       0.00
20120615  SX-C>KeltAv  1  83.22000     -48.00   -4293.00
20120629      KeltBuy  1  85.57000       0.00       0.00
20121023  LX-C<KeltAv  1  90.18000     451.00   -3842.00
20121107    KeltShort  1  88.18000       0.00       0.00
20121212  SX-C>KeltAv  1  89.45000    -137.00   -3979.00
20121228    KeltShort  1  85.10000       0.00       0.00
20130102  SX-C>KeltAv  1  88.71000    -371.00   -4350.00
20130118      KeltBuy  1  90.80000       0.00       0.00
20130207  LX-C<KeltAv  1  88.25000    -265.00   -4615.00
20130415    KeltShort  1  86.49000       0.00       0.00
20130423  SX-C>KeltAv  1  89.30000    -291.00   -4906.00
20130507      KeltBuy  1  91.15000       0.00       0.00
20130605  LX-C<KeltAv  1  89.65000    -160.00   -5066.00
20130718      KeltBuy  1  94.38000       0.00       0.00
20130802  LX-C<KeltAv  1  91.95000    -253.00   -5319.00
20130812    KeltShort  1  89.89000       0.00       0.00
20130918  SX-C>KeltAv  1  89.58000      21.00   -5298.00
20130930    KeltShort  1  86.04000       0.00       0.00
20131014  SX-C>KeltAv  1  87.60000    -166.00   -5464.00
20131031      KeltBuy  1  89.62000       0.00       0.00
20140123  LX-C<KeltAv  1  96.97000     725.00   -4739.00
20140124    KeltShort  1  94.85000       0.00       0.00
20140224  SX-C>KeltAv  1  96.44000    -169.00   -4908.00
20140328      KeltBuy  1  97.70000       0.00       0.00
20140602  LX-C<KeltAv  1  99.94000     214.00   -4694.00
20140620      KeltBuy  1 103.83000       0.00       0.00
20140627  LX-C<KeltAv  1 101.21000    -272.00   -4966.00
20140731    KeltShort  1  98.94000       0.00       0.00
20141028  SX-C>KeltAv  1  95.10000     374.00   -4592.00
20141210    KeltShort  1  88.67000       0.00       0.00
20141219  SX-C>KeltAv  1  93.64000    -507.00   -5099.00
20150305    KeltShort  1  86.74000       0.00       0.00
20150414  SX-C>KeltAv  1  86.63000       1.00   -5098.00
20150501      KeltBuy  1  88.85000       0.00       0.00
20150522  LX-C<KeltAv  1  86.52000    -243.00   -5341.00
20150604    KeltShort  1  84.22000       0.00       0.00
20150930  SX-C>KeltAv  1  74.35000     977.00   -4364.00
20151006      KeltBuy  1  77.89000       0.00       0.00
20151113  LX-C<KeltAv  1  78.10000      11.00   -4353.00
20151207    KeltShort  1  76.80000       0.00       0.00
20151223  SX-C>KeltAv  1  80.19000    -349.00   -4702.00
20160108    KeltShort  1  74.69000       0.00       0.00
20160114  SX-C>KeltAv  1  79.12000    -453.00   -5155.00
20160120    KeltShort  1  73.18000       0.00       0.00
20160129  SX-C>KeltAv  1  77.85000    -477.00   -5632.00
20160217      KeltBuy  1  82.00000       0.00       0.00
20160405  LX-C<KeltAv  1  82.21000      11.00   -5621.00
20160419      KeltBuy  1  86.21000       0.00       0.00
20160428        L-EOD  1  88.03000     172.00   -5449.00
------------------------------
Sys Name : KeltChanStocks
Mkt Symb : aapl.csv
20060503    KeltShort  1  10.16000       0.00       0.00
20060720  SX-C>KeltAv  1   8.64000     142.00     142.00
20060726      KeltBuy  1   9.12000       0.00       0.00
20061218  LX-C<KeltAv  1  12.21000     299.00     441.00
20061226    KeltShort  1  11.64000       0.00       0.00
20070109   RevShrtLiq  1  13.22000    -168.00     273.00
20070109      KeltBuy  1  13.22000       0.00       0.00
20070119  LX-C<KeltAv  1  12.64000     -68.00     205.00
20070319      KeltBuy  1  13.02000       0.00       0.00
20070413  LX-C<KeltAv  1  12.89000     -23.00     182.00
20070425      KeltBuy  1  13.62000       0.00       0.00
20070809  LX-C<KeltAv  1  18.06000     434.00     616.00
20070815    KeltShort  1  17.13000       0.00       0.00
20070822  SX-C>KeltAv  1  18.93000    -190.00     426.00
20070924      KeltBuy  1  21.18000       0.00       0.00
20071109  LX-C<KeltAv  1  23.62000     234.00     660.00
20071112    KeltShort  1  21.97000       0.00       0.00
20071113  SX-C>KeltAv  1  24.28000    -241.00     419.00
20071207      KeltBuy  1  27.76000       0.00       0.00
20080104  LX-C<KeltAv  1  25.72000    -214.00     205.00
20080115    KeltShort  1  24.15000       0.00       0.00
20080318  SX-C>KeltAv  1  18.97000     508.00     713.00
20080324      KeltBuy  1  19.93000       0.00       0.00
20080612  LX-C<KeltAv  1  24.75000     472.00    1185.00
20080626    KeltShort  1  24.04000       0.00       0.00
20080808  SX-C>KeltAv  1  24.22000     -28.00    1157.00
20080909    KeltShort  1  21.67000       0.00       0.00
20081208  SX-C>KeltAv  1  14.25000     732.00    1889.00
20090120    KeltShort  1  11.17000       0.00       0.00
20090127  SX-C>KeltAv  1  12.96000    -189.00    1700.00
20090206      KeltBuy  1  14.25000       0.00       0.00
20090219  LX-C<KeltAv  1  12.95000    -140.00    1560.00
20090309    KeltShort  1  11.87000       0.00       0.00
20090311  SX-C>KeltAv  1  13.24000    -147.00    1413.00
20090318      KeltBuy  1  14.50000       0.00       0.00
20091201  LX-C<KeltAv  1  28.14000    1354.00    2767.00
20091224      KeltBuy  1  29.86000       0.00       0.00
20100122  LX-C<KeltAv  1  28.25000    -171.00    2596.00
20100129    KeltShort  1  27.44000       0.00       0.00
20100226  SX-C>KeltAv  1  29.23000    -189.00    2407.00
20100305      KeltBuy  1  31.28000       0.00       0.00
20100507  LX-C<KeltAv  1  33.69000     231.00    2638.00
20100512      KeltBuy  1  37.44000       0.00       0.00
20100519  LX-C<KeltAv  1  35.48000    -206.00    2432.00
20100824    KeltShort  1  34.28000       0.00       0.00
20100903  SX-C>KeltAv  1  36.97000    -279.00    2153.00
20100913      KeltBuy  1  38.15000       0.00       0.00
20101116  LX-C<KeltAv  1  43.08000     483.00    2636.00
20101222      KeltBuy  1  46.45000       0.00       0.00
20110222  LX-C<KeltAv  1  48.37000     182.00    2818.00
20110303      KeltBuy  1  51.37000       0.00       0.00
20110310  LX-C<KeltAv  1  49.52000    -195.00    2623.00
20110316    KeltShort  1  47.14000       0.00       0.00
20110325  SX-C>KeltAv  1  50.22000    -318.00    2305.00
20110411    KeltShort  1  47.26000       0.00       0.00
20110421  SX-C>KeltAv  1  50.10000    -294.00    2011.00
20110610    KeltShort  1  46.56000       0.00       0.00
20110630  SX-C>KeltAv  1  47.95000    -149.00    1862.00
20110705      KeltBuy  1  49.92000       0.00       0.00
20110808  LX-C<KeltAv  1  50.46000      44.00    1906.00
20110815      KeltBuy  1  54.77000       0.00       0.00
20110818  LX-C<KeltAv  1  52.29000    -258.00    1648.00
20110919      KeltBuy  1  58.80000       0.00       0.00
20110930  LX-C<KeltAv  1  54.47000    -443.00    1205.00
20111014      KeltBuy  1  60.29000       0.00       0.00
20111109  LX-C<KeltAv  1  56.47000    -392.00     813.00
20111121    KeltShort  1  52.72000       0.00       0.00
20111209  SX-C>KeltAv  1  56.23000    -361.00     452.00
20111223      KeltBuy  1  57.62000       0.00       0.00
20120420  LX-C<KeltAv  1  81.85000    2413.00    2865.00
20120504    KeltShort  1  80.75000       0.00       0.00
20120608  SX-C>KeltAv  1  82.90000    -225.00    2640.00
20120703      KeltBuy  1  85.65000       0.00       0.00
20120725  LX-C<KeltAv  1  82.14000    -361.00    2279.00
20120731      KeltBuy  1  87.25000       0.00       0.00
20121001  LX-C<KeltAv  1  94.20000     685.00    2964.00
20121008    KeltShort  1  91.17000       0.00       0.00
20130102  SX-C>KeltAv  1  78.43000    1264.00    4228.00
20130114    KeltShort  1  71.68000       0.00       0.00
20130318  SX-C>KeltAv  1  65.10000     648.00    4876.00
20130405    KeltShort  1  60.46000       0.00       0.00
20130430  SX-C>KeltAv  1  63.25000    -289.00    4587.00
20130506      KeltBuy  1  65.82000       0.00       0.00
20130515  LX-C<KeltAv  1  61.26000    -466.00    4121.00
20130620    KeltShort  1  59.55000       0.00       0.00
20130716  SX-C>KeltAv  1  61.46000    -201.00    3920.00
20130729      KeltBuy  1  63.97000       0.00       0.00
20130911  LX-C<KeltAv  1  66.82000     275.00    4195.00
20130916    KeltShort  1  64.30000       0.00       0.00
20130923  SX-C>KeltAv  1  70.09000    -589.00    3606.00
20131018      KeltBuy  1  72.70000       0.00       0.00
20140103  LX-C<KeltAv  1  77.28000     448.00    4054.00
20140128    KeltShort  1  72.36000       0.00       0.00
20140213  SX-C>KeltAv  1  77.78000    -552.00    3502.00
20140325      KeltBuy  1  77.86000       0.00       0.00
20140404  LX-C<KeltAv  1  75.97000    -199.00    3303.00
20140424      KeltBuy  1  81.11000       0.00       0.00
20140925  LX-C<KeltAv  1  97.87000    1666.00    4969.00
20141016    KeltShort  1  96.26000       0.00       0.00
20141021  SX-C>KeltAv  1 102.47000    -631.00    4338.00
20141023      KeltBuy  1 104.83000       0.00       0.00
20141212  LX-C<KeltAv  1 109.73000     480.00    4818.00
20141216    KeltShort  1 106.75000       0.00       0.00
20141218  SX-C>KeltAv  1 112.65000    -600.00    4218.00
20150105    KeltShort  1 106.25000       0.00       0.00
20150122  SX-C>KeltAv  1 112.40000    -625.00    3593.00
20150129      KeltBuy  1 118.90000       0.00       0.00
20150325  LX-C<KeltAv  1 123.38000     438.00    4031.00
20150427      KeltBuy  1 132.65000       0.00       0.00
20150430  LX-C<KeltAv  1 125.15000    -760.00    3271.00
20150522      KeltBuy  1 132.54000       0.00       0.00
20150608  LX-C<KeltAv  1 127.80000    -484.00    2787.00
20150629    KeltShort  1 124.53000       0.00       0.00
20150716  SX-C>KeltAv  1 128.51000    -408.00    2379.00
20150720      KeltBuy  1 132.07000       0.00       0.00
20150722  LX-C<KeltAv  1 125.22000    -695.00    1684.00
20150727    KeltShort  1 122.77000       0.00       0.00
20150915  SX-C>KeltAv  1 116.28000     639.00    2323.00
20151023      KeltBuy  1 119.08000       0.00       0.00
20151113  LX-C<KeltAv  1 112.34000    -684.00    1639.00
20151215    KeltShort  1 110.49000       0.00       0.00
20160301  SX-C>KeltAv  1 100.53000     986.00    2625.00
20160304      KeltBuy  1 103.01000       0.00       0.00
20160422  LX-C<KeltAv  1 105.68000     257.00    2882.00
20160427    KeltShort  1  97.82000       0.00       0.00
20160428        S-EOD  1  94.83000     289.00    3171.00
------------------------------
Sys Name : KeltChanStocks
Mkt Symb : dbc.csv
20060503      KeltBuy  1  25.73000       0.00       0.00
20060622  LX-C<KeltAv  1  24.44000    -139.00    -139.00
20060712      KeltBuy  1  26.39000       0.00       0.00
20060726  LX-C<KeltAv  1  25.21000    -128.00    -267.00
20060802      KeltBuy  1  26.33000       0.00       0.00
20060814  LX-C<KeltAv  1  25.30000    -113.00    -380.00
20060817    KeltShort  1  24.68000       0.00       0.00
20061009  SX-C>KeltAv  1  24.49000       9.00    -371.00
20061106      KeltBuy  1  25.05000       0.00       0.00
20061218  LX-C<KeltAv  1  24.47000     -68.00    -439.00
20070103    KeltShort  1  23.80000       0.00       0.00
20070202  SX-C>KeltAv  1  24.21000     -51.00    -490.00
20070222      KeltBuy  1  25.08000       0.00       0.00
20070509  LX-C<KeltAv  1  25.08000     -10.00    -500.00
20070613      KeltBuy  1  26.24000       0.00       0.00
20070726  LX-C<KeltAv  1  26.03000     -31.00    -531.00
20070813    KeltShort  1  25.35000       0.00       0.00
20070904  SX-C>KeltAv  1  25.98000     -73.00    -604.00
20070912      KeltBuy  1  26.62000       0.00       0.00
20071217  LX-C<KeltAv  1  30.52000     380.00    -224.00
20080102      KeltBuy  1  32.43000       0.00       0.00
20080117  LX-C<KeltAv  1  31.30000    -123.00    -347.00
20080208      KeltBuy  1  33.41000       0.00       0.00
20080401  LX-C<KeltAv  1  35.57000     206.00    -141.00
20080416      KeltBuy  1  39.04000       0.00       0.00
20080501  LX-C<KeltAv  1  37.05000    -209.00    -350.00
20080508      KeltBuy  1  40.00000       0.00       0.00
20080717  LX-C<KeltAv  1  42.78000     268.00     -82.00
20080723    KeltShort  1  40.69000       0.00       0.00
20090102  SX-C>KeltAv  1  21.93000    1866.00    1784.00
20090217    KeltShort  1  18.42000       0.00       0.00
20090316  SX-C>KeltAv  1  19.55000    -123.00    1661.00
20090320      KeltBuy  1  20.92000       0.00       0.00
20090420  LX-C<KeltAv  1  19.44000    -158.00    1503.00
20090508      KeltBuy  1  21.80000       0.00       0.00
20090630  LX-C<KeltAv  1  22.62000      72.00    1575.00
20090706    KeltShort  1  21.37000       0.00       0.00
20090723  SX-C>KeltAv  1  22.63000    -136.00    1439.00
20090803      KeltBuy  1  23.69000       0.00       0.00
20090817  LX-C<KeltAv  1  22.36000    -143.00    1296.00
20090924    KeltShort  1  21.52000       0.00       0.00
20091005  SX-C>KeltAv  1  22.40000     -98.00    1198.00
20091013      KeltBuy  1  23.42000       0.00       0.00
20091208  LX-C<KeltAv  1  23.99000      47.00    1245.00
20100104      KeltBuy  1  25.24000       0.00       0.00
20100115  LX-C<KeltAv  1  24.37000     -97.00    1148.00
20100122    KeltShort  1  23.52000       0.00       0.00
20100219  SX-C>KeltAv  1  23.95000     -53.00    1095.00
20100405      KeltBuy  1  24.36000       0.00       0.00
20100504  LX-C<KeltAv  1  23.90000     -56.00    1039.00
20100506    KeltShort  1  22.90000       0.00       0.00
20100625  SX-C>KeltAv  1  22.34000      46.00    1085.00
20100730      KeltBuy  1  22.89000       0.00       0.00
20100820  LX-C<KeltAv  1  22.20000     -79.00    1006.00
20100913      KeltBuy  1  23.37000       0.00       0.00
20101116  LX-C<KeltAv  1  24.55000     108.00    1114.00
20101203      KeltBuy  1  26.36000       0.00       0.00
20110315  LX-C<KeltAv  1  28.49000     203.00    1317.00
20110322      KeltBuy  1  30.08000       0.00       0.00
20110505   RevLongLiq  1  28.69000    -149.00    1168.00
20110505    KeltShort  1  28.69000       0.00       0.00
20110608  SX-C>KeltAv  1  30.43000    -184.00     984.00
20110623    KeltShort  1  28.60000       0.00       0.00
20110707  SX-C>KeltAv  1  30.00000    -150.00     834.00
20110720      KeltBuy  1  30.65000       0.00       0.00
20110803  LX-C<KeltAv  1  29.83000     -92.00     742.00
20110804    KeltShort  1  28.70000       0.00       0.00
20110829  SX-C>KeltAv  1  29.71000    -111.00     631.00
20110921    KeltShort  1  28.02000       0.00       0.00
20111027  SX-C>KeltAv  1  28.18000     -26.00     605.00
20111108      KeltBuy  1  28.54000       0.00       0.00
20111118  LX-C<KeltAv  1  27.29000    -135.00     470.00
20111214    KeltShort  1  26.09000       0.00       0.00
20120103  SX-C>KeltAv  1  27.64000    -165.00     305.00
20120125      KeltBuy  1  28.01000       0.00       0.00
20120322  LX-C<KeltAv  1  28.87000      76.00     381.00
20120410    KeltShort  1  28.19000       0.00       0.00
20120629  SX-C>KeltAv  1  25.75000     234.00     615.00
20120703      KeltBuy  1  26.42000       0.00       0.00
20120919  LX-C<KeltAv  1  28.28000     176.00     791.00
20121022    KeltShort  1  27.87000       0.00       0.00
20121123  SX-C>KeltAv  1  28.06000     -29.00     762.00
20130129      KeltBuy  1  28.16000       0.00       0.00
20130220  LX-C<KeltAv  1  27.92000     -34.00     728.00
20130225    KeltShort  1  27.47000       0.00       0.00
20130528  SX-C>KeltAv  1  26.34000     103.00     831.00
20130620    KeltShort  1  25.59000       0.00       0.00
20130711  SX-C>KeltAv  1  26.06000     -57.00     774.00
20130807    KeltShort  1  25.38000       0.00       0.00
20130812  SX-C>KeltAv  1  26.00000     -72.00     702.00
20130815      KeltBuy  1  26.45000       0.00       0.00
20130916  LX-C<KeltAv  1  26.01000     -54.00     648.00
20130917    KeltShort  1  25.74000       0.00       0.00
20130918  SX-C>KeltAv  1  26.30000     -66.00     582.00
20131001    KeltShort  1  25.59000       0.00       0.00
20131010  SX-C>KeltAv  1  26.29000     -80.00     502.00
20131101    KeltShort  1  25.43000       0.00       0.00
20131204  SX-C>KeltAv  1  25.68000     -35.00     467.00
20140108    KeltShort  1  24.90000       0.00       0.00
20140207  SX-C>KeltAv  1  25.51000     -71.00     396.00
20140213      KeltBuy  1  25.69000       0.00       0.00
20140324  LX-C<KeltAv  1  25.75000      -4.00     392.00
20140414      KeltBuy  1  26.51000       0.00       0.00
20140509  LX-C<KeltAv  1  26.10000     -51.00     341.00
20140602    KeltShort  1  26.00000       0.00       0.00
20140612  SX-C>KeltAv  1  26.39000     -49.00     292.00
20140618      KeltBuy  1  26.61000       0.00       0.00
20140707  LX-C<KeltAv  1  26.19000     -52.00     240.00
20140709    KeltShort  1  25.94000       0.00       0.00
20150209  SX-C>KeltAv  1  18.20000     764.00    1004.00
20150313    KeltShort  1  16.95000       0.00       0.00
20150415  SX-C>KeltAv  1  17.79000     -94.00     910.00
20150423      KeltBuy  1  18.01000       0.00       0.00
20150526  LX-C<KeltAv  1  17.64000     -47.00     863.00
20150527    KeltShort  1  17.40000       0.00       0.00
20150630  SX-C>KeltAv  1  18.00000     -70.00     793.00
20150706    KeltShort  1  17.17000       0.00       0.00
20151002  SX-C>KeltAv  1  15.15000     192.00     985.00
20151009      KeltBuy  1  15.76000       0.00       0.00
20151019  LX-C<KeltAv  1  15.14000     -72.00     913.00
20151111    KeltShort  1  14.61000       0.00       0.00
20160222  SX-C>KeltAv  1  12.63000     188.00    1101.00
20160304      KeltBuy  1  13.15000       0.00       0.00
20160404  LX-C<KeltAv  1  12.88000     -37.00    1064.00
20160412      KeltBuy  1  13.65000       0.00       0.00
20160428        L-EOD  1  14.44000      69.00    1133.00
------------------------------
Sys Name : KeltChanStocks
Mkt Symb : fb.csv
20120521    KeltShort  1  34.03000       0.00       0.00
20120914  SX-C>KeltAv  1  22.00000    1193.00    1193.00
20120919      KeltBuy  1  23.29000       0.00       0.00
20120925  LX-C<KeltAv  1  20.28000    -311.00     882.00
20121024      KeltBuy  1  23.23000       0.00       0.00
20121107  LX-C<KeltAv  1  20.47000    -286.00     596.00
20121116      KeltBuy  1  23.56000       0.00       0.00
20130204  LX-C<KeltAv  1  28.11000     445.00    1041.00
20130227    KeltShort  1  26.87000       0.00       0.00
20130405  SX-C>KeltAv  1  27.39000     -62.00     979.00
20130502      KeltBuy  1  28.97000       0.00       0.00
20130515  LX-C<KeltAv  1  26.60000    -247.00     732.00
20130524    KeltShort  1  24.31000       0.00       0.00
20130708  SX-C>KeltAv  1  24.71000     -50.00     682.00
20130712      KeltBuy  1  25.91000       0.00       0.00
20131104  LX-C<KeltAv  1  48.22000    2221.00    2903.00
20131118    KeltShort  1  45.83000       0.00       0.00
20131210  SX-C>KeltAv  1  50.25000    -452.00    2451.00
20131213      KeltBuy  1  53.32000       0.00       0.00
20140127  LX-C<KeltAv  1  53.55000      13.00    2464.00
20140130      KeltBuy  1  61.08000       0.00       0.00
20140324  LX-C<KeltAv  1  64.10000     292.00    2756.00
20140326    KeltShort  1  60.39000       0.00       0.00
20140521  SX-C>KeltAv  1  60.49000     -20.00    2736.00
20140610      KeltBuy  1  65.77000       0.00       0.00
20140708  LX-C<KeltAv  1  62.76000    -311.00    2425.00
20140714      KeltBuy  1  67.90000       0.00       0.00
20141009  LX-C<KeltAv  1  75.91000     791.00    3216.00
20141010    KeltShort  1  72.91000       0.00       0.00
20141020  SX-C>KeltAv  1  76.95000    -414.00    2802.00
20141024      KeltBuy  1  80.67000       0.00       0.00
20141029  LX-C<KeltAv  1  75.86000    -491.00    2311.00
20141219      KeltBuy  1  79.88000       0.00       0.00
20150106  LX-C<KeltAv  1  76.15000    -383.00    1928.00
20150226      KeltBuy  1  80.41000       0.00       0.00
20150417  LX-C<KeltAv  1  80.78000      27.00    1955.00
20150505    KeltShort  1  77.56000       0.00       0.00
20150603  SX-C>KeltAv  1  82.44000    -498.00    1457.00
20150622      KeltBuy  1  84.74000       0.00       0.00
20150820  LX-C<KeltAv  1  90.56000     572.00    2029.00
20150821    KeltShort  1  86.06000       0.00       0.00
20150915  SX-C>KeltAv  1  92.90000    -694.00    1335.00
20151016      KeltBuy  1  97.54000       0.00       0.00
20151211  LX-C<KeltAv  1 102.12000     448.00    1783.00
20160107    KeltShort  1  97.92000       0.00       0.00
20160128   RevShrtLiq  1 109.11000   -1129.00     654.00
20160128      KeltBuy  1 109.11000       0.00       0.00
20160208  LX-C<KeltAv  1  99.75000    -946.00    -292.00
20160329      KeltBuy  1 116.14000       0.00       0.00
20160411  LX-C<KeltAv  1 108.99000    -725.00   -1017.00
20160428      KeltBuy  1 116.73000       0.00       0.00
20160428        L-EOD  1 116.73000     -10.00   -1027.00
------------------------------
Sys Name : KeltChanStocks
Mkt Symb : gdx.csv
20120522    KeltShort  1  42.54000       0.00       0.00
20120601  SX-C>KeltAv  1  46.58000    -414.00    -414.00
20120618      KeltBuy  1  47.73000       0.00       0.00
20120622  LX-C<KeltAv  1  44.58000    -325.00    -739.00
20120712    KeltShort  1  41.71000       0.00       0.00
20120807  SX-C>KeltAv  1  44.23000    -262.00   -1001.00
20120821      KeltBuy  1  46.38000       0.00       0.00
20121023  LX-C<KeltAv  1  50.96000     448.00    -553.00
20121105    KeltShort  1  49.39000       0.00       0.00
20130530  SX-C>KeltAv  1  30.06000    1923.00    1370.00
20130619    KeltShort  1  26.51000       0.00       0.00
20130722  SX-C>KeltAv  1  27.44000    -103.00    1267.00
20130812      KeltBuy  1  28.01000       0.00       0.00
20130910  LX-C<KeltAv  1  26.57000    -154.00    1113.00
20131001    KeltShort  1  24.41000       0.00       0.00
20131022  SX-C>KeltAv  1  26.02000    -171.00     942.00
20131120    KeltShort  1  22.85000       0.00       0.00
20140107  SX-C>KeltAv  1  21.97000      78.00    1020.00
20140117      KeltBuy  1  23.33000       0.00       0.00
20140324  LX-C<KeltAv  1  24.33000      90.00    1110.00
20140326    KeltShort  1  23.49000       0.00       0.00
20140612  SX-C>KeltAv  1  24.03000     -64.00    1046.00
20140618      KeltBuy  1  24.76000       0.00       0.00
20140821  LX-C<KeltAv  1  26.07000     121.00    1167.00
20140904    KeltShort  1  24.88000       0.00       0.00
20141118  SX-C>KeltAv  1  20.30000     448.00    1615.00
20141216    KeltShort  1  17.10000       0.00       0.00
20150102  SX-C>KeltAv  1  18.94000    -194.00    1421.00
20150112      KeltBuy  1  21.49000       0.00       0.00
20150217  LX-C<KeltAv  1  20.57000    -102.00    1319.00
20150306    KeltShort  1  18.58000       0.00       0.00
20150415  SX-C>KeltAv  1  19.98000    -150.00    1169.00
20150428      KeltBuy  1  20.53000       0.00       0.00
20150526  LX-C<KeltAv  1  19.25000    -138.00    1031.00
20150605    KeltShort  1  18.83000       0.00       0.00
20150820  SX-C>KeltAv  1  15.82000     291.00    1322.00
20150825    KeltShort  1  13.67000       0.00       0.00
20150917  SX-C>KeltAv  1  14.27000     -70.00    1252.00
20151006      KeltBuy  1  15.68000       0.00       0.00
20151104  LX-C<KeltAv  1  14.62000    -116.00    1136.00
20151106    KeltShort  1  13.46000       0.00       0.00
20151204  SX-C>KeltAv  1  14.83000    -147.00     989.00
20160107      KeltBuy  1  14.88000       0.00       0.00
20160112  LX-C<KeltAv  1  13.61000    -137.00     852.00
20160119    KeltShort  1  12.47000       0.00       0.00
20160126  SX-C>KeltAv  1  13.97000    -160.00     692.00
20160203      KeltBuy  1  15.35000       0.00       0.00
20160428        L-EOD  1  24.28000     883.00    1575.00
------------------------------
Sys Name : KeltChanStocks
Mkt Symb : goog.csv
20120531    KeltShort  1 290.43000       0.00       0.00
20120703  SX-C>KeltAv  1 293.92000    -359.00    -359.00
20120720      KeltBuy  1 305.41000       0.00       0.00
20121018  LX-C<KeltAv  1 347.50000    4199.00    3840.00
20121019    KeltShort  1 340.90000       0.00       0.00
20121130  SX-C>KeltAv  1 349.19000    -839.00    3001.00
20121217      KeltBuy  1 360.39000       0.00       0.00
20130118  LX-C<KeltAv  1 352.26000    -823.00    2178.00
20130123      KeltBuy  1 370.75000       0.00       0.00
20130328  LX-C<KeltAv  1 397.09000    2624.00    4802.00
20130408    KeltShort  1 387.43000       0.00       0.00
20130423  SX-C>KeltAv  1 403.95000   -1662.00    3140.00
20130503      KeltBuy  1 422.86000       0.00       0.00
20130624  LX-C<KeltAv  1 434.90000    1194.00    4334.00
20130711      KeltBuy  1 460.12000       0.00       0.00
20130725  LX-C<KeltAv  1 443.85000   -1637.00    2697.00
20130815    KeltShort  1 429.83000       0.00       0.00
20130909  SX-C>KeltAv  1 444.03000   -1430.00    1267.00
20130918      KeltBuy  1 451.66000       0.00       0.00
20130925  LX-C<KeltAv  1 438.62000   -1314.00     -47.00
20131018      KeltBuy  1 505.70000       0.00       0.00
20140127  LX-C<KeltAv  1 550.62000    4482.00    4435.00
20140131      KeltBuy  1 590.49000       0.00       0.00
20140314  LX-C<KeltAv  1 586.40000    -419.00    4016.00
20140326    KeltShort  1 565.99000       0.00       0.00
20140402     S-MMLoss  1 600.00000   -3411.00     605.00
20140403    KeltShort  1 569.74000       0.00       0.00
20140521  SX-C>KeltAv  1 538.94000    3070.00    3675.00
20140527      KeltBuy  1 565.95000       0.00       0.00
20140731  LX-C<KeltAv  1 571.60000     555.00    4230.00
20140919      KeltBuy  1 596.08000       0.00       0.00
20140925  LX-C<KeltAv  1 575.06000   -2112.00    2118.00
20141009    KeltShort  1 560.88000       0.00       0.00
20150122  SX-C>KeltAv  1 534.39000    2639.00    4757.00
20150123      KeltBuy  1 539.95000       0.00       0.00
20150127  LX-C<KeltAv  1 518.63000   -2142.00    2615.00
20150212      KeltBuy  1 542.93000       0.00       0.00
20150327  LX-C<KeltAv  1 548.34000     531.00    3146.00
20150414    KeltShort  1 530.39000       0.00       0.00
20150424     S-MMLoss  1 566.10000   -3581.00    -435.00
20150506    KeltShort  1 524.22000       0.00       0.00
20150521  SX-C>KeltAv  1 542.51000   -1839.00   -2274.00
20150708    KeltShort  1 516.83000       0.00       0.00
20150713     S-MMLoss  1 546.83000   -3010.00   -5284.00
20150714      KeltBuy  1 561.10000       0.00       0.00
20150824  LX-C<KeltAv  1 589.61000    2841.00   -2443.00
20151015      KeltBuy  1 661.74000       0.00       0.00
20160104  LX-C<KeltAv  1 741.84000    8000.00    5557.00
20160108    KeltShort  1 714.47000       0.00       0.00
20160129     S-MMLoss  1 744.47000   -3010.00    2547.00
20160205    KeltShort  1 683.57000       0.00       0.00
20160301     S-MMLoss  1 713.57000   -3010.00    -463.00
20160330      KeltBuy  1 750.53000       0.00       0.00
20160422     L-MMLoss  1 720.53000   -3010.00   -3473.00
20160426    KeltShort  1 708.14000       0.00       0.00
20160428        S-EOD  1 691.02000    1702.00   -1771.00
------------------------------
Sys Name : KeltChanStocks
Mkt Symb : ivm.csv
20120521    KeltShort  1  76.45000       0.00       0.00
20120619  SX-C>KeltAv  1  78.65000    -230.00    -230.00
20120702      KeltBuy  1  80.48000       0.00       0.00
20120723  LX-C<KeltAv  1  77.67000    -291.00    -521.00
20120817      KeltBuy  1  81.71000       0.00       0.00
20121009  LX-C<KeltAv  1  82.60000      79.00    -442.00
20121024    KeltShort  1  81.20000       0.00       0.00
20121129  SX-C>KeltAv  1  82.24000    -114.00    -556.00
20121211      KeltBuy  1  83.41000       0.00       0.00
20130403  LX-C<KeltAv  1  91.13000     762.00     206.00
20130415    KeltShort  1  90.11000       0.00       0.00
20130424  SX-C>KeltAv  1  92.79000    -278.00     -72.00
20130507      KeltBuy  1  96.15000       0.00       0.00
20130620  LX-C<KeltAv  1  95.69000     -56.00    -128.00
20130709      KeltBuy  1 101.00000       0.00       0.00
20130816  LX-C<KeltAv  1 101.68000      58.00     -70.00
20130830    KeltShort  1 100.38000       0.00       0.00
20130909  SX-C>KeltAv  1 103.94000    -366.00    -436.00
20130917      KeltBuy  1 106.08000       0.00       0.00
20131008  LX-C<KeltAv  1 104.06000    -212.00    -648.00
20131011      KeltBuy  1 107.68000       0.00       0.00
20131107  LX-C<KeltAv  1 107.28000     -50.00    -698.00
20131122      KeltBuy  1 111.85000       0.00       0.00
20131211  LX-C<KeltAv  1 109.60000    -235.00    -933.00
20131220      KeltBuy  1 113.93000       0.00       0.00
20140124  LX-C<KeltAv  1 113.45000     -58.00    -991.00
20140203    KeltShort  1 108.65000       0.00       0.00
20140213  SX-C>KeltAv  1 113.90000    -535.00   -1526.00
20140226      KeltBuy  1 117.35000       0.00       0.00
20140326  LX-C<KeltAv  1 114.69000    -276.00   -1802.00
20140407    KeltShort  1 112.82000       0.00       0.00
20140527  SX-C>KeltAv  1 113.58000     -86.00   -1888.00
20140606      KeltBuy  1 115.88000       0.00       0.00
20140715  LX-C<KeltAv  1 114.55000    -143.00   -2031.00
20140717    KeltShort  1 112.48000       0.00       0.00
20140818  SX-C>KeltAv  1 115.04000    -266.00   -2297.00
20140902      KeltBuy  1 117.20000       0.00       0.00
20140915  LX-C<KeltAv  1 114.11000    -319.00   -2616.00
20140923    KeltShort  1 111.32000       0.00       0.00
20141028  SX-C>KeltAv  1 114.17000    -295.00   -2911.00
20141031      KeltBuy  1 116.56000       0.00       0.00
20141212  LX-C<KeltAv  1 114.71000    -195.00   -3106.00
20141226      KeltBuy  1 120.54000       0.00       0.00
20150105  LX-C<KeltAv  1 117.34000    -330.00   -3436.00
20150220      KeltBuy  1 122.38000       0.00       0.00
20150429  LX-C<KeltAv  1 123.80000     132.00   -3304.00
20150430    KeltShort  1 121.18000       0.00       0.00
20150518  SX-C>KeltAv  1 125.05000    -397.00   -3701.00
20150618      KeltBuy  1 127.92000       0.00       0.00
20150629  LX-C<KeltAv  1 124.28000    -374.00   -4075.00
20150708    KeltShort  1 121.99000       0.00       0.00
20150713  SX-C>KeltAv  1 125.53000    -364.00   -4439.00
20150724    KeltShort  1 121.58000       0.00       0.00
20151007  SX-C>KeltAv  1 114.48000     700.00   -3739.00
20151103      KeltBuy  1 118.35000       0.00       0.00
20151113  LX-C<KeltAv  1 114.07000    -438.00   -4177.00
20151125      KeltBuy  1 119.17000       0.00       0.00
20151207  LX-C<KeltAv  1 116.01000    -326.00   -4503.00
20151211    KeltShort  1 111.91000       0.00       0.00
20160225  SX-C>KeltAv  1 102.54000     927.00   -3576.00
20160302      KeltBuy  1 106.02000       0.00       0.00
20160428        L-EOD  1 113.50000     738.00   -2838.00
------------------------------
Sys Name : KeltChanStocks
Mkt Symb : msft.csv
20120521    KeltShort  1  29.75000       0.00       0.00
20120619  SX-C>KeltAv  1  30.70000    -105.00    -105.00
20120906      KeltBuy  1  31.35000       0.00       0.00
20120925  LX-C<KeltAv  1  30.39000    -106.00    -211.00
20121001    KeltShort  1  29.49000       0.00       0.00
20121106  SX-C>KeltAv  1  29.86000     -47.00    -258.00
20121112    KeltShort  1  28.22000       0.00       0.00
20121220  SX-C>KeltAv  1  27.68000      44.00    -214.00
20130402      KeltBuy  1  28.80000       0.00       0.00
20130620  LX-C<KeltAv  1  33.49000     459.00     245.00
20130715      KeltBuy  1  36.17000       0.00       0.00
20130719   RevLongLiq  1  31.40000    -487.00    -242.00
20130719    KeltShort  1  31.40000       0.00       0.00
20130823   RevShrtLiq  1  34.75000    -345.00    -587.00
20130823      KeltBuy  1  34.75000       0.00       0.00
20130903  LX-C<KeltAv  1  31.88000    -297.00    -884.00
20131014      KeltBuy  1  34.45000       0.00       0.00
20131213  LX-C<KeltAv  1  36.69000     214.00    -670.00
20140106    KeltShort  1  36.13000       0.00       0.00
20140130  SX-C>KeltAv  1  36.86000     -83.00    -753.00
20140228      KeltBuy  1  38.31000       0.00       0.00
20140502  LX-C<KeltAv  1  39.69000     128.00    -625.00
20140606      KeltBuy  1  41.48000       0.00       0.00
20141007  LX-C<KeltAv  1  45.53000     395.00    -230.00
20141010    KeltShort  1  44.03000       0.00       0.00
20141024  SX-C>KeltAv  1  46.13000    -220.00    -450.00
20141104      KeltBuy  1  47.57000       0.00       0.00
20141210  LX-C<KeltAv  1  46.90000     -77.00    -527.00
20141216    KeltShort  1  45.16000       0.00       0.00
20141222  SX-C>KeltAv  1  47.98000    -292.00    -819.00
20150106    KeltShort  1  45.65000       0.00       0.00
20150123  SX-C>KeltAv  1  47.18000    -163.00    -982.00
20150127    KeltShort  1  42.66000       0.00       0.00
20150320  SX-C>KeltAv  1  42.88000     -32.00   -1014.00
20150327    KeltShort  1  40.97000       0.00       0.00
20150420  SX-C>KeltAv  1  42.91000    -204.00   -1218.00
20150424      KeltBuy  1  47.87000       0.00       0.00
20150605  LX-C<KeltAv  1  46.14000    -183.00   -1401.00
20150629    KeltShort  1  44.37000       0.00       0.00
20150716  SX-C>KeltAv  1  46.66000    -239.00   -1640.00
20150804      KeltBuy  1  47.54000       0.00       0.00
20150820  LX-C<KeltAv  1  45.66000    -198.00   -1838.00
20150821    KeltShort  1  43.07000       0.00       0.00
20151001  SX-C>KeltAv  1  44.61000    -164.00   -2002.00
20151005      KeltBuy  1  46.63000       0.00       0.00
20151218  LX-C<KeltAv  1  54.13000     740.00   -1262.00
20160107    KeltShort  1  52.17000       0.00       0.00
20160129  SX-C>KeltAv  1  55.09000    -302.00   -1564.00
20160205    KeltShort  1  50.16000       0.00       0.00
20160222  SX-C>KeltAv  1  52.65000    -259.00   -1823.00
20160317      KeltBuy  1  54.66000       0.00       0.00
20160422  LX-C<KeltAv  1  51.78000    -298.00   -2121.00
20160426    KeltShort  1  51.44000       0.00       0.00
20160428        S-EOD  1  49.90000     144.00   -1977.00
------------------------------
Sys Name : KeltChanStocks
Mkt Symb : qqq.csv
20120521    KeltShort  1  62.14000       0.00       0.00
20120618  SX-C>KeltAv  1  63.21000    -117.00    -117.00
20120703      KeltBuy  1  64.51000       0.00       0.00
20120712  LX-C<KeltAv  1  62.06000    -255.00    -372.00
20120719      KeltBuy  1  64.73000       0.00       0.00
20120724  LX-C<KeltAv  1  62.59000    -224.00    -596.00
20120806      KeltBuy  1  65.73000       0.00       0.00
20121008  LX-C<KeltAv  1  67.98000     215.00    -381.00
20121010    KeltShort  1  66.55000       0.00       0.00
20121129  SX-C>KeltAv  1  65.54000      91.00    -290.00
20130102      KeltBuy  1  66.83000       0.00       0.00
20130221  LX-C<KeltAv  1  66.10000     -83.00    -373.00
20130305      KeltBuy  1  68.31000       0.00       0.00
20130405  LX-C<KeltAv  1  67.49000     -92.00    -465.00
20130410      KeltBuy  1  69.64000       0.00       0.00
20130417  LX-C<KeltAv  1  67.74000    -200.00    -665.00
20130430      KeltBuy  1  70.35000       0.00       0.00
20130612  LX-C<KeltAv  1  71.48000     103.00    -562.00
20130621    KeltShort  1  70.06000       0.00       0.00
20130709  SX-C>KeltAv  1  72.72000    -276.00    -838.00
20130711      KeltBuy  1  74.60000       0.00       0.00
20130827  LX-C<KeltAv  1  74.77000       7.00    -831.00
20130909      KeltBuy  1  77.46000       0.00       0.00
20131008  LX-C<KeltAv  1  76.85000     -71.00    -902.00
20131014      KeltBuy  1  79.42000       0.00       0.00
20140127  LX-C<KeltAv  1  85.53000     601.00    -301.00
20140129    KeltShort  1  84.56000       0.00       0.00
20140207  SX-C>KeltAv  1  86.93000    -247.00    -548.00
20140211      KeltBuy  1  88.43000       0.00       0.00
20140324  LX-C<KeltAv  1  88.22000     -31.00    -579.00
20140404    KeltShort  1  86.37000       0.00       0.00
20140505  SX-C>KeltAv  1  87.95000    -168.00    -747.00
20140523      KeltBuy  1  89.88000       0.00       0.00
20140805  LX-C<KeltAv  1  94.59000     461.00    -286.00
20140814      KeltBuy  1  96.93000       0.00       0.00
20140925  LX-C<KeltAv  1  97.74000      71.00    -215.00
20141007    KeltShort  1  96.57000       0.00       0.00
20141023  SX-C>KeltAv  1  97.82000    -135.00    -350.00
20141031      KeltBuy  1 101.40000       0.00       0.00
20141215  LX-C<KeltAv  1 101.61000      11.00    -339.00
20141216    KeltShort  1  99.98000       0.00       0.00
20141218  SX-C>KeltAv  1 104.25000    -437.00    -776.00
20150106    KeltShort  1 100.07000       0.00       0.00
20150122  SX-C>KeltAv  1 104.03000    -406.00   -1182.00
20150212      KeltBuy  1 106.00000       0.00       0.00
20150325  LX-C<KeltAv  1 105.46000     -64.00   -1246.00
20150424      KeltBuy  1 110.54000       0.00       0.00
20150506  LX-C<KeltAv  1 106.71000    -393.00   -1639.00
20150521      KeltBuy  1 110.58000       0.00       0.00
20150608  LX-C<KeltAv  1 108.19000    -249.00   -1888.00
20150629    KeltShort  1 106.69000       0.00       0.00
20150713  SX-C>KeltAv  1 109.54000    -295.00   -2183.00
20150716      KeltBuy  1 111.94000       0.00       0.00
20150811  LX-C<KeltAv  1 110.14000    -190.00   -2373.00
20150820    KeltShort  1 107.08000       0.00       0.00
20151005  SX-C>KeltAv  1 105.50000     148.00   -2225.00
20151022      KeltBuy  1 109.71000       0.00       0.00
20151211  LX-C<KeltAv  1 110.79000      98.00   -2127.00
20151218    KeltShort  1 109.83000       0.00       0.00
20151229  SX-C>KeltAv  1 114.30000    -457.00   -2584.00
20160104    KeltShort  1 109.50000       0.00       0.00
20160225  SX-C>KeltAv  1 103.56000     584.00   -2000.00
20160314      KeltBuy  1 106.67000       0.00       0.00
20160427  LX-C<KeltAv  1 107.58000      81.00   -1919.00
------------------------------
Sys Name : KeltChanStocks
Mkt Symb : slv.csv
20120522    KeltShort  1  27.34000       0.00       0.00
20120703  SX-C>KeltAv  1  27.52000     -28.00     -28.00
20120820      KeltBuy  1  27.95000       0.00       0.00
20121015  LX-C<KeltAv  1  31.66000     361.00     333.00
20121023    KeltShort  1  30.68000       0.00       0.00
20121119  SX-C>KeltAv  1  32.05000    -147.00     186.00
20121129      KeltBuy  1  33.13000       0.00       0.00
20121213  LX-C<KeltAv  1  31.53000    -170.00      16.00
20121219    KeltShort  1  30.11000       0.00       0.00
20130118  SX-C>KeltAv  1  30.81000     -80.00     -64.00
20130215    KeltShort  1  28.83000       0.00       0.00
20130808  SX-C>KeltAv  1  19.60000     913.00     849.00
20130812      KeltBuy  1  20.62000       0.00       0.00
20130916  LX-C<KeltAv  1  20.94000      22.00     871.00
20130918      KeltBuy  1  22.31000       0.00       0.00
20130920  LX-C<KeltAv  1  21.00000    -141.00     730.00
20131001    KeltShort  1  20.42000       0.00       0.00
20131022  SX-C>KeltAv  1  21.87000    -155.00     575.00
20131112    KeltShort  1  20.00000       0.00       0.00
20140103  SX-C>KeltAv  1  19.42000      48.00     623.00
20140214      KeltBuy  1  20.65000       0.00       0.00
20140319  LX-C<KeltAv  1  19.79000     -96.00     527.00
20140326    KeltShort  1  19.02000       0.00       0.00
20140514  SX-C>KeltAv  1  19.00000      -8.00     519.00
20140528    KeltShort  1  18.28000       0.00       0.00
20140612  SX-C>KeltAv  1  18.76000     -58.00     461.00
20140618      KeltBuy  1  19.05000       0.00       0.00
20140731  LX-C<KeltAv  1  19.58000      43.00     504.00
20140805    KeltShort  1  19.05000       0.00       0.00
20141209  SX-C>KeltAv  1  16.32000     263.00     767.00
20150116      KeltBuy  1  16.95000       0.00       0.00
20150206  LX-C<KeltAv  1  16.03000    -102.00     665.00
20150304    KeltShort  1  15.49000       0.00       0.00
20150320  SX-C>KeltAv  1  16.00000     -61.00     604.00
20150514      KeltBuy  1  16.65000       0.00       0.00
20150603  LX-C<KeltAv  1  15.83000     -92.00     512.00
20150623    KeltShort  1  15.14000       0.00       0.00
20150811  SX-C>KeltAv  1  14.64000      40.00     552.00
20150826    KeltShort  1  13.56000       0.00       0.00
20150916  SX-C>KeltAv  1  14.22000     -76.00     476.00
20151005      KeltBuy  1  14.89000       0.00       0.00
20151103  LX-C<KeltAv  1  14.58000     -41.00     435.00
20151106    KeltShort  1  14.08000       0.00       0.00
20160107  SX-C>KeltAv  1  13.62000      36.00     471.00
20160203      KeltBuy  1  13.95000       0.00       0.00
20160324  LX-C<KeltAv  1  14.43000      38.00     509.00
20160412      KeltBuy  1  15.41000       0.00       0.00
20160429        L-EOD  1  16.98000     147.00     656.00
------------------------------
Sys Name : KeltChanStocks
Mkt Symb : spy.csv
20120521    KeltShort  1 131.97000       0.00       0.00
20120618  SX-C>KeltAv  1 134.40000    -253.00    -253.00
20120703      KeltBuy  1 137.37000       0.00       0.00
20121010  LX-C<KeltAv  1 143.28000     581.00     328.00
20121023    KeltShort  1 141.42000       0.00       0.00
20121129  SX-C>KeltAv  1 142.12000     -80.00     248.00
20121218      KeltBuy  1 145.37000       0.00       0.00
20121228  LX-C<KeltAv  1 140.03000    -544.00    -296.00
20130102      KeltBuy  1 146.06000       0.00       0.00
20130418  LX-C<KeltAv  1 154.14000     798.00     502.00
20130429      KeltBuy  1 159.30000       0.00       0.00
20130605  LX-C<KeltAv  1 161.27000     187.00     689.00
20130620    KeltShort  1 159.40000       0.00       0.00
20130708  SX-C>KeltAv  1 163.95000    -465.00     224.00
20130715      KeltBuy  1 168.16000       0.00       0.00
20130816  LX-C<KeltAv  1 165.83000    -243.00     -19.00
20130827    KeltShort  1 163.33000       0.00       0.00
20130909  SX-C>KeltAv  1 167.63000    -440.00    -459.00
20130917      KeltBuy  1 171.07000       0.00       0.00
20131003  LX-C<KeltAv  1 167.62000    -355.00    -814.00
20131016      KeltBuy  1 172.07000       0.00       0.00
20140124   RevLongLiq  1 178.89000     672.00    -142.00
20140124    KeltShort  1 178.89000       0.00       0.00
20140211  SX-C>KeltAv  1 181.98000    -319.00    -461.00
20140227      KeltBuy  1 185.82000       0.00       0.00
20140407  LX-C<KeltAv  1 184.34000    -158.00    -619.00
20140411    KeltShort  1 181.51000       0.00       0.00
20140416  SX-C>KeltAv  1 186.13000    -472.00   -1091.00
20140527      KeltBuy  1 191.52000       0.00       0.00
20140731   RevLongLiq  1 193.09000     147.00    -944.00
20140731    KeltShort  1 193.09000       0.00       0.00
20140818  SX-C>KeltAv  1 197.36000    -437.00   -1381.00
20140821      KeltBuy  1 199.50000       0.00       0.00
20140925  LX-C<KeltAv  1 196.34000    -326.00   -1707.00
20141001    KeltShort  1 194.35000       0.00       0.00
20141024  SX-C>KeltAv  1 196.43000    -218.00   -1925.00
20141031      KeltBuy  1 201.66000       0.00       0.00
20141212  LX-C<KeltAv  1 200.89000     -87.00   -2012.00
20141216    KeltShort  1 197.91000       0.00       0.00
20141218  SX-C>KeltAv  1 206.78000    -897.00   -2909.00
20150106    KeltShort  1 199.82000       0.00       0.00
20150108  SX-C>KeltAv  1 205.90000    -618.00   -3527.00
20150115    KeltShort  1 199.02000       0.00       0.00
20150122  SX-C>KeltAv  1 206.10000    -718.00   -4245.00
20150218      KeltBuy  1 210.13000       0.00       0.00
20150310  LX-C<KeltAv  1 204.98000    -525.00   -4770.00
20150521      KeltBuy  1 213.50000       0.00       0.00
20150604  LX-C<KeltAv  1 210.13000    -347.00   -5117.00
20150629    KeltShort  1 205.42000       0.00       0.00
20150714  SX-C>KeltAv  1 210.68000    -536.00   -5653.00
20150820    KeltShort  1 203.97000       0.00       0.00
20151005  SX-C>KeltAv  1 198.47000     540.00   -5113.00
20151020      KeltBuy  1 203.09000       0.00       0.00
20151203  LX-C<KeltAv  1 205.61000     242.00   -4871.00
20151211    KeltShort  1 201.88000       0.00       0.00
20151216  SX-C>KeltAv  1 208.03000    -625.00   -5496.00
20151218    KeltShort  1 200.02000       0.00       0.00
20151229  SX-C>KeltAv  1 207.40000    -748.00   -6244.00
20160104    KeltShort  1 201.02000       0.00       0.00
20160222  SX-C>KeltAv  1 194.78000     614.00   -5630.00
20160302      KeltBuy  1 199.00000       0.00       0.00
20160428        L-EOD  1 207.45000     835.00   -4795.00
------------------------------
Sys Name : KeltChanStocks
Mkt Symb : twtr.csv
20131108      KeltBuy  1  41.65000       0.00       0.00
20140206   RevLongLiq  1  50.03000     828.00     828.00
20140206    KeltShort  1  50.03000       0.00       0.00
20140612  SX-C>KeltAv  1  36.79000    1314.00    2142.00
20140619      KeltBuy  1  38.90000       0.00       0.00
20141013  LX-C<KeltAv  1  48.49000     949.00    3091.00
20141028    KeltShort  1  43.78000       0.00       0.00
20150106  SX-C>KeltAv  1  38.76000     492.00    3583.00
20150205      KeltBuy  1  41.26000       0.00       0.00
20150428   RevLongLiq  1  42.27000      91.00    3674.00
20150428    KeltShort  1  42.27000       0.00       0.00
20150714  SX-C>KeltAv  1  36.72000     545.00    4219.00
20150729    KeltShort  1  31.24000       0.00       0.00
20151005  SX-C>KeltAv  1  28.15000     299.00    4518.00
20151007      KeltBuy  1  29.83000       0.00       0.00
20151106  LX-C<KeltAv  1  28.28000    -165.00    4353.00
20151113    KeltShort  1  25.18000       0.00       0.00
20160229  SX-C>KeltAv  1  18.12000     696.00    5049.00
20160427    KeltShort  1  14.86000       0.00       0.00
20160428        S-EOD  1  14.64000      12.00    5061.00
------------------------------
Sys Name : KeltChanStocks
Mkt Symb : uso.csv
20131114    KeltShort  1  33.93000       0.00       0.00
20131204  SX-C>KeltAv  1  34.88000    -105.00    -105.00
20131219      KeltBuy  1  35.32000       0.00       0.00
20140102  LX-C<KeltAv  1  34.23000    -119.00    -224.00
20140106    KeltShort  1  33.57000       0.00       0.00
20140122  SX-C>KeltAv  1  34.56000    -109.00    -333.00
20140207      KeltBuy  1  35.64000       0.00       0.00
20140312  LX-C<KeltAv  1  35.35000     -39.00    -372.00
20140414      KeltBuy  1  37.38000       0.00       0.00
20140430  LX-C<KeltAv  1  36.32000    -116.00    -488.00
20140521      KeltBuy  1  37.98000       0.00       0.00
20140708  LX-C<KeltAv  1  38.18000      10.00    -478.00
20140711    KeltShort  1  37.16000       0.00       0.00
20140929  SX-C>KeltAv  1  35.52000     154.00    -324.00
20141003    KeltShort  1  33.77000       0.00       0.00
20150206  SX-C>KeltAv  1  19.47000    1420.00    1096.00
20150316    KeltShort  1  16.35000       0.00       0.00
20150326  SX-C>KeltAv  1  18.21000    -196.00     900.00
20150415      KeltBuy  1  19.71000       0.00       0.00
20150527  LX-C<KeltAv  1  19.48000     -33.00     867.00
20150701    KeltShort  1  19.10000       0.00       0.00
20150831  SX-C>KeltAv  1  15.89000     311.00    1178.00
20151006      KeltBuy  1  15.74000       0.00       0.00
20151020  LX-C<KeltAv  1  14.73000    -111.00    1067.00
20151111    KeltShort  1  13.76000       0.00       0.00
20160301  SX-C>KeltAv  1   9.15000     451.00    1518.00
20160307      KeltBuy  1  10.11000       0.00       0.00
20160401  LX-C<KeltAv  1   9.33000     -88.00    1430.00
20160412      KeltBuy  1  10.64000       0.00       0.00
20160429        L-EOD  1  11.40000      66.00    1496.00
------------------------------
Sys Name : KeltChanStocks
Mkt Symb : vxx.csv
20131108    KeltShort  1  48.62000       0.00       0.00
20140124  SX-C>KeltAv  1  44.69000     383.00     383.00
20140131      KeltBuy  1  49.51000       0.00       0.00
20140211  LX-C<KeltAv  1  43.81000    -580.00    -197.00
20140505    KeltShort  1  39.56000       0.00       0.00
20140731   RevShrtLiq  1  31.54000     792.00     595.00
20140731      KeltBuy  1  31.54000       0.00       0.00
20140814  LX-C<KeltAv  1  28.88000    -276.00     319.00
20141001      KeltBuy  1  31.89000       0.00       0.00
20141028  LX-C<KeltAv  1  30.50000    -149.00     170.00
20141124    KeltShort  1  27.31000       0.00       0.00
20141210  SX-C>KeltAv  1  30.33000    -312.00    -142.00
20141212      KeltBuy  1  33.89000       0.00       0.00
20141222  LX-C<KeltAv  1  28.49000    -550.00    -692.00
20150105      KeltBuy  1  33.21000       0.00       0.00
20150126  LX-C<KeltAv  1  30.63000    -268.00    -960.00
20150130      KeltBuy  1  36.87000       0.00       0.00
20150212  LX-C<KeltAv  1  31.35000    -562.00   -1522.00
20150224    KeltShort  1  27.96000       0.00       0.00
20150629  SX-C>KeltAv  1  20.31000     755.00    -767.00
20150708      KeltBuy  1  21.35000       0.00       0.00
20150713  LX-C<KeltAv  1  17.92000    -353.00   -1120.00
20150716    KeltShort  1  16.53000       0.00       0.00
20150820  SX-C>KeltAv  1  17.62000    -119.00   -1239.00
20150821      KeltBuy  1  20.72000       0.00       0.00
20151005  LX-C<KeltAv  1  22.64000     182.00   -1057.00
20151015    KeltShort  1  19.90000       0.00       0.00
20151113  SX-C>KeltAv  1  21.96000    -216.00   -1273.00
20151211      KeltBuy  1  23.32000       0.00       0.00
20151216  LX-C<KeltAv  1  19.34000    -408.00   -1681.00
20160107      KeltBuy  1  23.60000       0.00       0.00
20160222  LX-C<KeltAv  1  23.97000      27.00   -1654.00
20160303    KeltShort  1  21.59000       0.00       0.00
20160428        S-EOD  1  16.28000     521.00   -1133.00
