Testing from : 20060502 to: 20160429
---------------------------------------------------------------------------------
SysName         Market TotProfit  MaxDD ClsTrdDD AvgWin AvgLoss PerWins TotTrades
KeltChanStocks  xom.csv     -5438   7237    6487     95    -321    1.33        63
KeltChanStocks  aapl.csv      3180   4201    3329    177    -327    1.40        63
KeltChanStocks  dbc.csv      1143   1782    1544     61     -86    1.29        63
KeltChanStocks  fb.csv     -1017   4576    4242    171    -413    1.35        26
KeltChanStocks  gdx.csv      1585   1304    1000    133    -169    1.33        24
KeltChanStocks  goog.csv     -1761  14322   10086    816   -1976    1.39        28
KeltChanStocks  ivm.csv     -2828   5415    4709     89    -259    1.23        31
KeltChanStocks  msft.csv     -1967   2594    2366     62    -205    1.26        27
KeltChanStocks  qqq.csv     -1919   2847    2584     56    -219    1.38        32
KeltChanStocks  slv.csv       666    711     435     56     -89    1.42        24
KeltChanStocks  spy.csv     -4785   7566    6933    115    -427    1.29        31
KeltChanStocks  twtr.csv      5071   3153     165    275    -164    1.90        10
KeltChanStocks  uso.csv      1505    652     488    114    -101    1.40        15
KeltChanStocks  vxx.csv     -1122   2930    2275    115    -344    1.35        17
---------------------------------------------------------------------------------
Totals                     -7687  27225
-------------------------------------------------------------------
Combined Monthly Return
Date         Profit Cum.Profit
-------------------------------------------------------------------
20060531        517        517
20060630       -113        404
20060731        302        706
20060831       -154        552
20060929        -39        513
20061031        101        614
20061130        763       1377
20061229       -305       1072
20070131       -760        312
20070228        -11        301
20070330       -490       -189
20070430        428        239
20070531        625        864
20070629       -132        732
20070731         65        797
20070831      -1408       -611
20070928        104       -507
20071031        609        102
20071130       -772       -670
20071231        -18       -688
20080131       -246       -934
20080229        237       -697
20080331        -97       -794
20080430        312       -482
20080530       -643      -1125
20080630        -38      -1163
20080731        710       -453
20080829         18       -435
20080930        285       -150
20081031        241         91
20081128        527        618
20081231         -5        613
20090130       -273        340
20090227        129        469
20090331       -584       -115
20090430        230        115
20090529        285        400
20090630       -278        122
20090731       -238       -116
20090831        -74       -190
20090930        191          1
20091030       -278       -277
20091130        610        333
20091231       -177        156
20100129        167        323
20100226       -382        -59
20100331         72         13
20100430        339        352
20100528       -344          8
20100630        291        299
20100730       -342        -43
20100831       -415       -458
20100930         79       -379
20101029        676        297
20101130        232        529
20101231        438        967
20110131       1093       2060
20110228        584       2644
20110331      -1469       1175
20110429        -99       1076
20110531      -1268       -192
20110630        -14       -206
20110729        -98       -304
20110831       -584       -888
20110930       -279      -1167
20111031       -406      -1573
20111130      -1261      -2834
20111230        -60      -2894
20120131        515      -2379
20120229       1377      -1002
20120330        761       -241
20120430       -780      -1021
20120531       1102         81
20120629      -2162      -2081
20120731        553      -1528
20120831       4731       3203
20120928       4428       7631
20121031      -3219       4412
20121130       -683       3729
20121231       -807       2922
20130131       2305       5227
20130228       2710       7937
20130328        470       8407
20130430      -1917       6490
20130531       1670       8160
20130628       -377       7783
20130731      -2137       5646
20130830        721       6367
20130930      -5325       1042
20131031       1011       2053
20131129       3512       5565
20131231       6373      11938
20140131      -3009       8929
20140228      -1769       7160
20140331      -1595       5565
20140430        578       6143
20140530       -255       5888
20140630       2849       8737
20140731       -417       8320
20140829        907       9227
20140930      -1346       7881
20141031      -1968       5913
20141128       4278      10191
20141231      -3633       6558
20150130      -6099        459
20150227       2147       2606
20150331      -1456       1150
20150430      -5465      -4315
20150529      -3307      -7622
20150630      -1341      -8963
20150731       2938      -6025
20150831      -1443      -7468
20150930        703      -6765
20151030       4919      -1846
20151130       1787        -59
20151231      -1321      -1380
20160129      -3221      -4601
20160229      -2761      -7362
20160331         36      -7326
20160429       -361      -7687
