------------------------------
Sys Name : KeltnerChanSys
Mkt Symb : TY
20000503    KeltShort  1  79.79700       0.00       0.00
20000531  SX-C>KeltAv  1  80.79700   -1100.00   -1100.00
20000612      KeltBuy  1  82.03100       0.00       0.00
20000920  LX-C<KeltAv  1  83.57800    1447.00     347.00
20001012      KeltBuy  1  85.01600       0.00       0.00
20001103  LX-C<KeltAv  1  84.43800    -678.00    -331.00
20001122      KeltBuy  1  85.93800       0.00       0.00
20010123  LX-C<KeltAv  1  88.23400    2196.00    1865.00
20010301      KeltBuy  1  90.48400       0.00       0.00
20010410  LX-C<KeltAv  1  89.75000    -834.00    1031.00
20010416    KeltShort  1  88.29700       0.00       0.00
20010604  SX-C>KeltAv  1  88.56300    -366.00     665.00
20010621      KeltBuy  1  89.70300       0.00       0.00
20010629  LX-C<KeltAv  1  88.23400   -1569.00    -904.00
20010716      KeltBuy  1  90.03100       0.00       0.00
20011115   RevLongLiq  1  93.85900    3728.00    2824.00
20011115    KeltShort  1  93.85900       0.00       0.00
20020110  SX-C>KeltAv  1  93.26600     493.00    3317.00
20020307    KeltShort  1  92.09400       0.00       0.00
20020405  SX-C>KeltAv  1  92.79700    -803.00    2514.00
20020424      KeltBuy  1  93.84400       0.00       0.00
20021015  LX-C<KeltAv  1 104.70300   10759.00   13273.00
20021224      KeltBuy  1 106.90600       0.00       0.00
20030109  LX-C<KeltAv  1 105.39100   -1615.00   11658.00
20030122      KeltBuy  1 107.34400       0.00       0.00
20030318  LX-C<KeltAv  1 108.17200     728.00   12386.00
20030321    KeltShort  1 106.81300       0.00       0.00
20030328  SX-C>KeltAv  1 108.50000   -1787.00   10599.00
20030507      KeltBuy  1 110.60900       0.00       0.00
20030626  LX-C<KeltAv  1 111.92200    1213.00   11812.00
20030707    KeltShort  1 111.06300       0.00       0.00
20030905  SX-C>KeltAv  1 107.50000    3463.00   15275.00
20030919      KeltBuy  1 109.09400       0.00       0.00
20031015  LX-C<KeltAv  1 107.76600   -1428.00   13847.00
20040109      KeltBuy  1 111.87500       0.00       0.00
20040402   RevLongLiq  1 112.39100     416.00   14263.00
20040402    KeltShort  1 112.39100       0.00       0.00
20040615  SX-C>KeltAv  1 109.43800    2853.00   17116.00
20040701      KeltBuy  1 110.59400       0.00       0.00
20041006  LX-C<KeltAv  1 114.06300    3369.00   20485.00
20041129    KeltShort  1 113.57800       0.00       0.00
20041208  SX-C>KeltAv  1 115.23400   -1756.00   18729.00
20050209      KeltBuy  1 116.20300       0.00       0.00
20050217  LX-C<KeltAv  1 114.82800   -1475.00   17254.00
20050228    KeltShort  1 113.70300       0.00       0.00
20050412  SX-C>KeltAv  1 114.04700    -444.00   16810.00
20050415      KeltBuy  1 114.78100       0.00       0.00
20050614  LX-C<KeltAv  1 115.81300     932.00   17742.00
20050627      KeltBuy  1 117.34400       0.00       0.00
20050701  LX-C<KeltAv  1 116.15600   -1288.00   16454.00
20050713    KeltShort  1 115.17200       0.00       0.00
20050822  SX-C>KeltAv  1 115.00000      72.00   16526.00
20050830      KeltBuy  1 115.85900       0.00       0.00
20050916  LX-C<KeltAv  1 114.85900   -1100.00   15426.00
20051003    KeltShort  1 113.81300       0.00       0.00
20051122  SX-C>KeltAv  1 113.53100     182.00   15608.00
20051223      KeltBuy  1 114.04700       0.00       0.00
20060125  LX-C<KeltAv  1 113.28100    -866.00   14742.00
20060201    KeltShort  1 112.64100       0.00       0.00
20060522  SX-C>KeltAv  1 110.26600    2275.00   17017.00
20060623    KeltShort  1 108.82800       0.00       0.00
20060711  SX-C>KeltAv  1 109.78100   -1053.00   15964.00
20060728      KeltBuy  1 110.70300       0.00       0.00
20061010  LX-C<KeltAv  1 112.00000    1197.00   17161.00
20061101      KeltBuy  1 113.28100       0.00       0.00
20061103  LX-C<KeltAv  1 112.21900   -1162.00   15999.00
20061128      KeltBuy  1 113.56300       0.00       0.00
20061219  LX-C<KeltAv  1 113.00000    -663.00   15336.00
20061229    KeltShort  1 112.14100       0.00       0.00
20070215  SX-C>KeltAv  1 112.18800    -147.00   15189.00
20070227      KeltBuy  1 113.45300       0.00       0.00
20070403  LX-C<KeltAv  1 112.64100    -912.00   14277.00
20070413    KeltShort  1 111.95300       0.00       0.00
20070424  SX-C>KeltAv  1 112.96900   -1116.00   13161.00
20070518    KeltShort  1 111.68800       0.00       0.00
20070716  SX-C>KeltAv  1 110.26600    1322.00   14483.00
20070725      KeltBuy  1 111.25000       0.00       0.00
20071005  LX-C<KeltAv  1 113.85900    2509.00   16992.00
20071019      KeltBuy  1 115.65600       0.00       0.00
20071226  LX-C<KeltAv  1 117.40600    1650.00   18642.00
20080102      KeltBuy  1 120.20300       0.00       0.00
20080219  LX-C<KeltAv  1 121.43800    1135.00   19777.00
20080229      KeltBuy  1 124.50000       0.00       0.00
20080416  LX-C<KeltAv  1 123.81300    -787.00   18990.00
20080424    KeltShort  1 122.53100       0.00       0.00
20080626  SX-C>KeltAv  1 122.42200       9.00   18999.00
20080708      KeltBuy  1 124.00000       0.00       0.00
20080723  LX-C<KeltAv  1 121.78100   -2319.00   16680.00
20080818      KeltBuy  1 125.15600       0.00       0.00
20080922  LX-C<KeltAv  1 125.09400    -162.00   16518.00
20081013    KeltShort  1 122.20300       0.00       0.00
20081022     S-MMLoss  1 125.20300   -3100.00   13418.00
20081118      KeltBuy  1 128.42200       0.00       0.00
20090122  LX-C<KeltAv  1 136.01600    7494.00   20912.00
20090204    KeltShort  1 133.98400       0.00       0.00
20090312  SX-C>KeltAv  1 135.37500   -1491.00   19421.00
20090318      KeltBuy  1 138.87500       0.00       0.00
20090403     L-MMLoss  1 135.87500   -3100.00   16321.00
20090507    KeltShort  1 133.79700       0.00       0.00
20090702  SX-C>KeltAv  1 132.01600    1681.00   18002.00
20090708      KeltBuy  1 133.79700       0.00       0.00
20090727     L-MMLoss  1 130.79700   -3100.00   14902.00
20090902      KeltBuy  1 134.54700       0.00       0.00
20091023  LX-C<KeltAv  1 134.09400    -553.00   14349.00
20091124      KeltBuy  1 136.59400       0.00       0.00
20091211  LX-C<KeltAv  1 135.40600   -1288.00   13061.00
20091222    KeltShort  1 133.96900       0.00       0.00
20100120  SX-C>KeltAv  1 135.14100   -1272.00   11789.00
20100205      KeltBuy  1 136.59400       0.00       0.00
20100324  LX-C<KeltAv  1 135.25000   -1444.00   10345.00
20100325    KeltShort  1 134.70300       0.00       0.00
20100413  SX-C>KeltAv  1 135.73400   -1131.00    9214.00
20100430      KeltBuy  1 137.06300       0.00       0.00
20100909  LX-C<KeltAv  1 144.45300    7290.00   16504.00
20100928      KeltBuy  1 147.26600       0.00       0.00
20101027  LX-C<KeltAv  1 146.04700   -1319.00   15185.00
20101104      KeltBuy  1 148.57800       0.00       0.00
20101112  LX-C<KeltAv  1 146.76600   -1912.00   13273.00
20101115    KeltShort  1 145.59400       0.00       0.00
20110125  SX-C>KeltAv  1 142.68800    2806.00   16079.00
20110208    KeltShort  1 139.75000       0.00       0.00
20110222  SX-C>KeltAv  1 141.85900   -2209.00   13870.00
20110314      KeltBuy  1 143.25000       0.00       0.00
20110405  LX-C<KeltAv  1 141.82800   -1522.00   12348.00
20110429      KeltBuy  1 144.20300       0.00       0.00
20110630  LX-C<KeltAv  1 146.81300    2510.00   14858.00
20110711      KeltBuy  1 149.03100       0.00       0.00
20111006  LX-C<KeltAv  1 155.00000    5869.00   20727.00
20111010    KeltShort  1 153.07800       0.00       0.00
20111101  SX-C>KeltAv  1 155.73400   -2756.00   17971.00
20111216      KeltBuy  1 157.46900       0.00       0.00
20120120  LX-C<KeltAv  1 156.56300   -1006.00   16965.00
20120130      KeltBuy  1 158.32800       0.00       0.00
20120209  LX-C<KeltAv  1 157.07800   -1350.00   15615.00
20120314    KeltShort  1 155.37500       0.00       0.00
20120406  SX-C>KeltAv  1 157.65600   -2381.00   13234.00
20120410      KeltBuy  1 158.20300       0.00       0.00
20120803  LX-C<KeltAv  1 161.48400    3181.00   16415.00
20120815    KeltShort  1 160.15600       0.00       0.00
20120830  SX-C>KeltAv  1 161.76600   -1710.00   14705.00
20121113      KeltBuy  1 162.65600       0.00       0.00
20121213  LX-C<KeltAv  1 161.82800    -928.00   13777.00
20121218    KeltShort  1 161.03100       0.00       0.00
20130222  SX-C>KeltAv  1 161.00000     -69.00   13708.00
20130301      KeltBuy  1 162.03100       0.00       0.00
20130307  LX-C<KeltAv  1 160.96900   -1162.00   12546.00
20130327      KeltBuy  1 162.37500       0.00       0.00
20130510  LX-C<KeltAv  1 162.32800    -147.00   12399.00
20130522    KeltShort  1 161.48400       0.00       0.00
20130808  SX-C>KeltAv  1 158.09400    3290.00   15689.00
20130819    KeltShort  1 155.89100       0.00       0.00
20130918  SX-C>KeltAv  1 157.95300   -2162.00   13527.00
20130924      KeltBuy  1 158.31300       0.00       0.00
20131108  LX-C<KeltAv  1 158.48400      71.00   13598.00
20131206    KeltShort  1 157.85900       0.00       0.00
20140113  SX-C>KeltAv  1 158.21900    -460.00   13138.00
20140129      KeltBuy  1 159.26600       0.00       0.00
20140307  LX-C<KeltAv  1 158.76600    -600.00   12538.00
20140402    KeltShort  1 158.14100       0.00       0.00
20140408  SX-C>KeltAv  1 159.26600   -1225.00   11313.00
20140508      KeltBuy  1 160.32800       0.00       0.00
20140610  LX-C<KeltAv  1 160.04700    -381.00   10932.00
20140807      KeltBuy  1 161.95300       0.00       0.00
20140904  LX-C<KeltAv  1 161.57800    -475.00   10457.00
20140912    KeltShort  1 160.57800       0.00       0.00
20141001  SX-C>KeltAv  1 162.10900   -1631.00    8826.00
20141008      KeltBuy  1 162.96900       0.00       0.00
20141111  LX-C<KeltAv  1 162.70300    -366.00    8460.00
20141212      KeltBuy  1 164.75000       0.00       0.00
20141223  LX-C<KeltAv  1 163.20300   -1647.00    6813.00
20150105      KeltBuy  1 164.96900       0.00       0.00
20150210  LX-C<KeltAv  1 165.56300     494.00    7307.00
20150306    KeltShort  1 163.89100       0.00       0.00
20150318  SX-C>KeltAv  1 166.39100   -2600.00    4707.00
20150401      KeltBuy  1 167.20300       0.00       0.00
20150429  LX-C<KeltAv  1 166.34400    -959.00    3748.00
20150505    KeltShort  1 165.25000       0.00       0.00
20150706  SX-C>KeltAv  1 165.21900     -69.00    3679.00
20150803      KeltBuy  1 166.28100       0.00       0.00
20150915  LX-C<KeltAv  1 165.73400    -647.00    3032.00
20150929      KeltBuy  1 167.84400       0.00       0.00
20151028  LX-C<KeltAv  1 167.23400    -710.00    2322.00
20151104    KeltShort  1 165.95300       0.00       0.00
20151211  SX-C>KeltAv  1 166.76600    -913.00    1409.00
20160108      KeltBuy  1 167.01600       0.00       0.00
20160304  LX-C<KeltAv  1 169.09400    1978.00    3387.00
------------------------------
Sys Name : KeltnerChanSys
Mkt Symb : AD
20000502    KeltShort  1   0.32010       0.00       0.00
20000606  SX-C>KeltAv  1   0.32380    -470.00    -470.00
20000614      KeltBuy  1   0.33480       0.00       0.00
20000711  LX-C<KeltAv  1   0.32130   -1450.00   -1920.00
20000809    KeltShort  1   0.31190       0.00       0.00
20000816  SX-C>KeltAv  1   0.32470   -1380.00   -3300.00
20000823    KeltShort  1   0.30460       0.00       0.00
20001127  SX-C>KeltAv  1   0.25930    4430.00    1130.00
20001204      KeltBuy  1   0.27690       0.00       0.00
20010124  LX-C<KeltAv  1   0.27640    -150.00     980.00
20010208    KeltShort  1   0.26620       0.00       0.00
20010412  SX-C>KeltAv  1   0.24180    2340.00    3320.00
20010501      KeltBuy  1   0.25100       0.00       0.00
20010531  LX-C<KeltAv  1   0.23820   -1380.00    1940.00
20010815      KeltBuy  1   0.26260       0.00       0.00
20010910  LX-C<KeltAv  1   0.24770   -1590.00     350.00
20010917    KeltShort  1   0.23640       0.00       0.00
20011015  SX-C>KeltAv  1   0.25020   -1480.00   -1130.00
20011113      KeltBuy  1   0.25460       0.00       0.00
20011219  LX-C<KeltAv  1   0.24630    -930.00   -2060.00
20020306      KeltBuy  1   0.26130       0.00       0.00
20020703  LX-C<KeltAv  1   0.30180    3950.00    1890.00
20020722    KeltShort  1   0.29140       0.00       0.00
20020827  SX-C>KeltAv  1   0.29950    -910.00     980.00
20021025      KeltBuy  1   0.30360       0.00       0.00
20021231  LX-C<KeltAv  1   0.30960     500.00    1480.00
20030106      KeltBuy  1   0.32820       0.00       0.00
20030317  LX-C<KeltAv  1   0.34760    1840.00    3320.00
20030417      KeltBuy  1   0.37090       0.00       0.00
20030709  LX-C<KeltAv  1   0.41840    4650.00    7970.00
20030915      KeltBuy  1   0.43180       0.00       0.00
20040302  LX-C<KeltAv  1   0.54170   10890.00   18860.00
20040311    KeltShort  1   0.51830       0.00       0.00
20040331  SX-C>KeltAv  1   0.54650   -2920.00   15940.00
20040507    KeltShort  1   0.48950       0.00       0.00
20040624  SX-C>KeltAv  1   0.48870     -20.00   15920.00
20040707      KeltBuy  1   0.51270       0.00       0.00
20040727  LX-C<KeltAv  1   0.48960   -2410.00   13510.00
20040903    KeltShort  1   0.48300       0.00       0.00
20040921  SX-C>KeltAv  1   0.49840   -1640.00   11870.00
20040930      KeltBuy  1   0.52390       0.00       0.00
20041208  LX-C<KeltAv  1   0.55620    3130.00   15000.00
20050211      KeltBuy  1   0.59060       0.00       0.00
20050323  LX-C<KeltAv  1   0.57790   -1370.00   13630.00
20050516    KeltShort  1   0.56580       0.00       0.00
20050607  SX-C>KeltAv  1   0.58080   -1600.00   12030.00
20050621      KeltBuy  1   0.59250       0.00       0.00
20050628  LX-C<KeltAv  1   0.57550   -1800.00   10230.00
20050705    KeltShort  1   0.55480       0.00       0.00
20050721  SX-C>KeltAv  1   0.57930   -2550.00    7680.00
20050909      KeltBuy  1   0.58970       0.00       0.00
20050923  LX-C<KeltAv  1   0.57350   -1720.00    5960.00
20051101    KeltShort  1   0.56260       0.00       0.00
20051202  SX-C>KeltAv  1   0.56770    -610.00    5350.00
20051212      KeltBuy  1   0.57410       0.00       0.00
20051219  LX-C<KeltAv  1   0.55970   -1540.00    3810.00
20051227    KeltShort  1   0.54320       0.00       0.00
20060103  SX-C>KeltAv  1   0.56020   -1800.00    2010.00
20060106      KeltBuy  1   0.57460       0.00       0.00
20060206  LX-C<KeltAv  1   0.56220   -1340.00     670.00
20060307    KeltShort  1   0.55410       0.00       0.00
20060406  SX-C>KeltAv  1   0.55230      80.00     750.00
20060419      KeltBuy  1   0.56900       0.00       0.00
20060601  LX-C<KeltAv  1   0.56960     -40.00     710.00
20060613    KeltShort  1   0.55930       0.00       0.00
20060707  SX-C>KeltAv  1   0.57530   -1700.00    -990.00
20060726      KeltBuy  1   0.58450       0.00       0.00
20060825  LX-C<KeltAv  1   0.57940    -610.00   -1600.00
20060929    KeltShort  1   0.56940       0.00       0.00
20061018  SX-C>KeltAv  1   0.57850   -1010.00   -2610.00
20061026      KeltBuy  1   0.58820       0.00       0.00
20070105  LX-C<KeltAv  1   0.60400    1480.00   -1130.00
20070129    KeltShort  1   0.59730       0.00       0.00
20070214  SX-C>KeltAv  1   0.60990   -1360.00   -2490.00
20070226      KeltBuy  1   0.62040       0.00       0.00
20070305  LX-C<KeltAv  1   0.59710   -2430.00   -4920.00
20070316      KeltBuy  1   0.62320       0.00       0.00
20070518  LX-C<KeltAv  1   0.65170    2750.00   -2170.00
20070607      KeltBuy  1   0.67070       0.00       0.00
20070727  LX-C<KeltAv  1   0.68250    1080.00   -1090.00
20070814    KeltShort  1   0.66500       0.00       0.00
20070912  SX-C>KeltAv  1   0.67320    -920.00   -2010.00
20070920      KeltBuy  1   0.70110       0.00       0.00
20071113  LX-C<KeltAv  1   0.73000    2790.00     780.00
20071214    KeltShort  1   0.70140       0.00       0.00
20080102  SX-C>KeltAv  1   0.72340   -2300.00   -1520.00
20080201      KeltBuy  1   0.74450       0.00       0.00
20080320  LX-C<KeltAv  1   0.74250    -300.00   -1820.00
20080423      KeltBuy  1   0.79910       0.00       0.00
20080612  LX-C<KeltAv  1   0.78980   -1030.00   -2850.00
20080714      KeltBuy  1   0.83130       0.00       0.00
20080729  LX-C<KeltAv  1   0.81210   -2020.00   -4870.00
20080801    KeltShort  1   0.79190       0.00       0.00
20081208  SX-C>KeltAv  1   0.54830   24260.00   19390.00
20081226      KeltBuy  1   0.61140       0.00       0.00
20081229     L-MMLoss  1   0.57440   -3800.00   15590.00
20090102      KeltBuy  1   0.59790       0.00       0.00
20090112     L-MMLoss  1   0.56790   -3100.00   12490.00
20090202    KeltShort  1   0.52020       0.00       0.00
20090206     S-MMLoss  1   0.55020   -3100.00    9390.00
20090319      KeltBuy  1   0.57770       0.00       0.00
20090708  LX-C<KeltAv  1   0.67010    9140.00   18530.00
20090731      KeltBuy  1   0.73230       0.00       0.00
20091127  LX-C<KeltAv  1   0.81160    7830.00   26360.00
20091221    KeltShort  1   0.78800       0.00       0.00
20100104     S-MMLoss  1   0.81800   -3100.00   23260.00
20100204    KeltShort  1   0.77770       0.00       0.00
20100216     S-MMLoss  1   0.80770   -3100.00   20160.00
20100316      KeltBuy  1   0.83230       0.00       0.00
20100427  LX-C<KeltAv  1   0.83500     170.00   20330.00
20100506    KeltShort  1   0.80280       0.00       0.00
20100618  SX-C>KeltAv  1   0.79450     730.00   21060.00
20100722      KeltBuy  1   0.82110       0.00       0.00
20100824  LX-C<KeltAv  1   0.81450    -760.00   20300.00
20100903      KeltBuy  1   0.84880       0.00       0.00
20101116  LX-C<KeltAv  1   0.91620    6640.00   26940.00
20101229      KeltBuy  1   0.96230       0.00       0.00
20110111     L-MMLoss  1   0.93230   -3100.00   23840.00
20110328      KeltBuy  1   0.98340       0.00       0.00
20110523  LX-C<KeltAv  1   1.01550    3110.00   26950.00
20110722      KeltBuy  1   1.05700       0.00       0.00
20110804     L-MMLoss  1   1.02700   -3100.00   23850.00
20110808    KeltShort  1   0.99450       0.00       0.00
20110815     S-MMLoss  1   1.02450   -3100.00   20750.00
20110921    KeltShort  1   0.99240       0.00       0.00
20111012  SX-C>KeltAv  1   1.00030    -890.00   19860.00
20111027      KeltBuy  1   1.05580       0.00       0.00
20111101     L-MMLoss  1   1.02580   -3100.00   16760.00
20111123    KeltShort  1   0.95520       0.00       0.00
20111129     S-MMLoss  1   0.98520   -3100.00   13660.00
20120118      KeltBuy  1   1.03470       0.00       0.00
20120306  LX-C<KeltAv  1   1.05100    1530.00   15190.00
20120322    KeltShort  1   1.03840       0.00       0.00
20120427  SX-C>KeltAv  1   1.05240   -1500.00   13690.00
20120508    KeltShort  1   1.01900       0.00       0.00
20120615  SX-C>KeltAv  1   1.01930    -130.00   13560.00
20120629      KeltBuy  1   1.03590       0.00       0.00
20120829  LX-C<KeltAv  1   1.05340    1650.00   15210.00
20120905    KeltShort  1   1.03710       0.00       0.00
20120907  SX-C>KeltAv  1   1.05760   -2150.00   13060.00
20121003    KeltShort  1   1.04140       0.00       0.00
20121017  SX-C>KeltAv  1   1.06020   -1980.00   11080.00
20121123      KeltBuy  1   1.07230       0.00       0.00
20121221  LX-C<KeltAv  1   1.06860    -470.00   10610.00
20130110      KeltBuy  1   1.08910       0.00       0.00
20130125  LX-C<KeltAv  1   1.07220   -1790.00    8820.00
20130206    KeltShort  1   1.06320       0.00       0.00
20130314  SX-C>KeltAv  1   1.07280   -1060.00    7760.00
20130325      KeltBuy  1   1.08120       0.00       0.00
20130415  LX-C<KeltAv  1   1.06900   -1320.00    6440.00
20130507    KeltShort  1   1.05740       0.00       0.00
20130809  SX-C>KeltAv  1   0.96750    8890.00   15330.00
20130910      KeltBuy  1   0.97900       0.00       0.00
20131108  LX-C<KeltAv  1   0.98900     900.00   16230.00
20131121    KeltShort  1   0.97420       0.00       0.00
20140113  SX-C>KeltAv  1   0.96130    1190.00   17420.00
20140116    KeltShort  1   0.93740       0.00       0.00
20140204  SX-C>KeltAv  1   0.95000   -1360.00   16060.00
20140306      KeltBuy  1   0.96820       0.00       0.00
20140520  LX-C<KeltAv  1   0.98850    1930.00   17990.00
20140612      KeltBuy  1   1.00680       0.00       0.00
20140730  LX-C<KeltAv  1   1.00020    -760.00   17230.00
20140909    KeltShort  1   0.98980       0.00       0.00
20141114  SX-C>KeltAv  1   0.95040    3840.00   21070.00
20141202    KeltShort  1   0.92040       0.00       0.00
20150320  SX-C>KeltAv  1   0.85990    5950.00   27020.00
20150428      KeltBuy  1   0.88560       0.00       0.00
20150526  LX-C<KeltAv  1   0.85850   -2810.00   24210.00
20150706    KeltShort  1   0.83690       0.00       0.00
20150917  SX-C>KeltAv  1   0.81660    1930.00   26140.00
20150923    KeltShort  1   0.79050       0.00       0.00
20151006  SX-C>KeltAv  1   0.80660   -1710.00   24430.00
20151009      KeltBuy  1   0.82430       0.00       0.00
20151028  LX-C<KeltAv  1   0.80000   -2530.00   21900.00
20151203      KeltBuy  1   0.82810       0.00       0.00
20151217  LX-C<KeltAv  1   0.80510   -2400.00   19500.00
20160107    KeltShort  1   0.79420       0.00       0.00
20160203  SX-C>KeltAv  1   0.81340   -2020.00   17480.00
20160302      KeltBuy  1   0.82630       0.00       0.00
20160401        L-EOD  1   0.86520    3790.00   21270.00
------------------------------
Sys Name : KeltnerChanSys
Mkt Symb : C2
20000530    KeltShort  1 558.25000       0.00       0.00
20000829  SX-C>KeltAv  1 509.75000    2325.00    2325.00
20001002      KeltBuy  1 512.50000       0.00       0.00
20001129  LX-C<KeltAv  1 518.75000     212.50    2537.50
20001227      KeltBuy  1 530.00000       0.00       0.00
20010111  LX-C<KeltAv  1 523.75000    -412.50    2125.00
20010119    KeltShort  1 516.25000       0.00       0.00
20010301  SX-C>KeltAv  1 517.25000    -150.00    1975.00
20010315    KeltShort  1 504.00000       0.00       0.00
20010703  SX-C>KeltAv  1 480.75000    1062.50    3037.50
20010709      KeltBuy  1 490.25000       0.00       0.00
20010820  LX-C<KeltAv  1 492.00000     -12.50    3025.00
20010918    KeltShort  1 485.50000       0.00       0.00
20011119  SX-C>KeltAv  1 476.25000     362.50    3387.50
20011128    KeltShort  1 465.75000       0.00       0.00
20011130  SX-C>KeltAv  1 475.75000    -600.00    2787.50
20011226    KeltShort  1 464.00000       0.00       0.00
20020116  SX-C>KeltAv  1 470.00000    -400.00    2387.50
20020129    KeltShort  1 461.50000       0.00       0.00
20020513   RevShrtLiq  1 456.50000     150.00    2537.50
20020513      KeltBuy  1 456.50000       0.00       0.00
20020524  LX-C<KeltAv  1 446.50000    -600.00    1937.50
20020531      KeltBuy  1 455.50000       0.00       0.00
20020607  LX-C<KeltAv  1 448.25000    -462.50    1475.00
20020624      KeltBuy  1 459.50000       0.00       0.00
20020919  LX-C<KeltAv  1 490.75000    1462.50    2937.50
20020923    KeltShort  1 478.25000       0.00       0.00
20021223  SX-C>KeltAv  1 465.50000     537.50    3475.00
20030113    KeltShort  1 453.25000       0.00       0.00
20030128  SX-C>KeltAv  1 461.25000    -500.00    2975.00
20030317    KeltShort  1 451.00000       0.00       0.00
20030331  SX-C>KeltAv  1 457.75000    -437.50    2537.50
20030407      KeltBuy  1 464.50000       0.00       0.00
20030425  LX-C<KeltAv  1 454.75000    -587.50    1950.00
20030507      KeltBuy  1 463.25000       0.00       0.00
20030528  LX-C<KeltAv  1 462.00000    -162.50    1787.50
20030626    KeltShort  1 452.00000       0.00       0.00
20030812   RevShrtLiq  1 453.50000    -175.00    1612.50
20030812      KeltBuy  1 453.50000       0.00       0.00
20030915  LX-C<KeltAv  1 450.75000    -237.50    1375.00
20030930    KeltShort  1 444.00000       0.00       0.00
20031023  SX-C>KeltAv  1 458.75000    -837.50     537.50
20031028      KeltBuy  1 464.00000       0.00       0.00
20031223  LX-C<KeltAv  1 462.75000    -162.50     375.00
20040112      KeltBuy  1 484.50000       0.00       0.00
20040415  LX-C<KeltAv  1 511.25000    1237.50    1612.50
20040510    KeltShort  1 498.75000       0.00       0.00
20040601  SX-C>KeltAv  1 524.00000   -1362.50     250.00
20040618    KeltShort  1 486.75000       0.00       0.00
20040823  SX-C>KeltAv  1 451.00000    1687.50    1937.50
20040910    KeltShort  1 429.00000       0.00       0.00
20041117  SX-C>KeltAv  1 412.50000     725.00    2662.50
20041129    KeltShort  1 400.00000       0.00       0.00
20050106  SX-C>KeltAv  1 404.00000    -300.00    2362.50
20050114    KeltShort  1 392.50000       0.00       0.00
20050218  SX-C>KeltAv  1 395.25000    -237.50    2125.00
20050222      KeltBuy  1 402.75000       0.00       0.00
20050323  LX-C<KeltAv  1 398.25000    -325.00    1800.00
20050408    KeltShort  1 391.50000       0.00       0.00
20050425  SX-C>KeltAv  1 401.50000    -600.00    1200.00
20050502    KeltShort  1 388.25000       0.00       0.00
20050523   RevShrtLiq  1 403.75000    -875.00     325.00
20050523      KeltBuy  1 403.75000       0.00       0.00
20050610  LX-C<KeltAv  1 389.25000    -825.00    -500.00
20050616      KeltBuy  1 405.00000       0.00       0.00
20050629  LX-C<KeltAv  1 396.00000    -550.00   -1050.00
20050714      KeltBuy  1 420.50000       0.00       0.00
20050721  LX-C<KeltAv  1 403.50000    -950.00   -2000.00
20050815    KeltShort  1 382.00000       0.00       0.00
20051213  SX-C>KeltAv  1 354.00000    1300.00    -700.00
20051222      KeltBuy  1 358.00000       0.00       0.00
20060118  LX-C<KeltAv  1 351.00000    -450.00   -1150.00
20060127      KeltBuy  1 364.00000       0.00       0.00
20060308  LX-C<KeltAv  1 362.25000    -187.50   -1337.50
20060317    KeltShort  1 355.75000       0.00       0.00
20060331  SX-C>KeltAv  1 370.25000    -825.00   -2162.50
20060406      KeltBuy  1 375.75000       0.00       0.00
20060425  LX-C<KeltAv  1 364.75000    -650.00   -2812.50
20060512      KeltBuy  1 380.75000       0.00       0.00
20060606  LX-C<KeltAv  1 370.25000    -625.00   -3437.50
20060615    KeltShort  1 355.50000       0.00       0.00
20060706  SX-C>KeltAv  1 367.00000    -675.00   -4112.50
20060712      KeltBuy  1 380.75000       0.00       0.00
20060717  LX-C<KeltAv  1 364.75000    -900.00   -5012.50
20060811    KeltShort  1 338.50000       0.00       0.00
20060918  SX-C>KeltAv  1 344.50000    -400.00   -5412.50
20060921      KeltBuy  1 354.00000       0.00       0.00
20061218  LX-C<KeltAv  1 447.50000    4575.00    -837.50
20070109    KeltShort  1 436.25000       0.00       0.00
20070111  SX-C>KeltAv  1 458.25000   -1200.00   -2037.50
20070112      KeltBuy  1 478.25000       0.00       0.00
20070309  LX-C<KeltAv  1 486.50000     312.50   -1725.00
20070315    KeltShort  1 466.75000       0.00       0.00
20070504  SX-C>KeltAv  1 448.00000     837.50    -887.50
20070510    KeltShort  1 411.75000       0.00       0.00
20070521  SX-C>KeltAv  1 438.25000   -1425.00   -2312.50
20070613      KeltBuy  1 461.75000       0.00       0.00
20070622  LX-C<KeltAv  1 430.75000   -1650.00   -3962.50
20070627    KeltShort  1 411.25000       0.00       0.00
20070820  SX-C>KeltAv  1 398.00000     562.50   -3400.00
20070921      KeltBuy  1 425.75000       0.00       0.00
20071002  LX-C<KeltAv  1 398.00000   -1487.50   -4887.50
20071106      KeltBuy  1 435.00000       0.00       0.00
20080319  LX-C<KeltAv  1 546.75000    5487.50     600.00
20080401      KeltBuy  1 603.50000       0.00       0.00
20080514  LX-C<KeltAv  1 602.25000    -162.50     437.50
20080605      KeltBuy  1 649.25000       0.00       0.00
20080714  LX-C<KeltAv  1 655.00000     187.50     625.00
20080717    KeltShort  1 622.75000       0.00       0.00
20081216  SX-C>KeltAv  1 350.50000   13512.50   14137.50
20090106      KeltBuy  1 384.00000       0.00       0.00
20090113     L-MMLoss  1 324.00000   -3100.00   11037.50
20090217    KeltShort  1 305.75000       0.00       0.00
20090312  SX-C>KeltAv  1 333.25000   -1475.00    9562.50
20090331      KeltBuy  1 352.75000       0.00       0.00
20090417  LX-C<KeltAv  1 324.25000   -1525.00    8037.50
20090512      KeltBuy  1 366.50000       0.00       0.00
20090615  LX-C<KeltAv  1 345.00000   -1175.00    6862.50
20090622    KeltShort  1 324.25000       0.00       0.00
20090915  SX-C>KeltAv  1 265.50000    2837.50    9700.00
20091006      KeltBuy  1 277.25000       0.00       0.00
20091124  LX-C<KeltAv  1 295.00000     787.50   10487.50
20100114    KeltShort  1 283.75000       0.00       0.00
20100226  SX-C>KeltAv  1 280.75000      50.00   10537.50
20100325    KeltShort  1 246.75000       0.00       0.00
20100430  SX-C>KeltAv  1 257.50000    -637.50    9900.00
20100604    KeltShort  1 222.25000       0.00       0.00
20100701  SX-C>KeltAv  1 247.75000   -1375.00    8525.00
20100708      KeltBuy  1 259.50000       0.00       0.00
20101112  LX-C<KeltAv  1 397.25000    6787.50   15312.50
20101222      KeltBuy  1 457.25000       0.00       0.00
20110310  LX-C<KeltAv  1 520.25000    3050.00   18362.50
20110315    KeltShort  1 473.50000       0.00       0.00
20110321     S-MMLoss  1 533.50000   -3100.00   15262.50
20110404      KeltBuy  1 597.75000       0.00       0.00
20110503  LX-C<KeltAv  1 553.50000   -2312.50   12950.00
20110622    KeltShort  1 507.25000       0.00       0.00
20110715  SX-C>KeltAv  1 548.25000   -2150.00   10800.00
20110812      KeltBuy  1 577.75000       0.00       0.00
20110915  LX-C<KeltAv  1 564.25000    -775.00   10025.00
20110922    KeltShort  1 513.25000       0.00       0.00
20111103  SX-C>KeltAv  1 516.75000    -275.00    9750.00
20111123    KeltShort  1 452.00000       0.00       0.00
20111227  SX-C>KeltAv  1 489.00000   -1950.00    7800.00
20120103      KeltBuy  1 514.25000       0.00       0.00
20120112  LX-C<KeltAv  1 467.25000   -2450.00    5350.00
20120315      KeltBuy  1 521.50000       0.00       0.00
20120321  LX-C<KeltAv  1 494.50000   -1450.00    3900.00
20120328    KeltShort  1 472.75000       0.00       0.00
20120402  SX-C>KeltAv  1 507.50000   -1837.50    2062.50
20120417    KeltShort  1 469.25000       0.00       0.00
20120430  SX-C>KeltAv  1 494.50000   -1362.50     700.00
20120510    KeltShort  1 447.75000       0.00       0.00
20120516  SX-C>KeltAv  1 480.25000   -1725.00   -1025.00
20120524    KeltShort  1 438.75000       0.00       0.00
20120614  SX-C>KeltAv  1 461.75000   -1250.00   -2275.00
20120625      KeltBuy  1 519.75000       0.00       0.00
20120905  LX-C<KeltAv  1 716.50000    9737.50    7462.50
20120917    KeltShort  1 673.75000       0.00       0.00
20121031  SX-C>KeltAv  1 681.50000    -487.50    6975.00
20121213    KeltShort  1 642.00000       0.00       0.00
20130114  SX-C>KeltAv  1 645.75000    -287.50    6687.50
20130320      KeltBuy  1 662.25000       0.00       0.00
20130328  LX-C<KeltAv  1 625.00000   -1962.50    4725.00
20130401    KeltShort  1 572.00000       0.00       0.00
20130502  SX-C>KeltAv  1 610.75000   -2037.50    2687.50
20130705    KeltShort  1 571.25000       0.00       0.00
20130711  SX-C>KeltAv  1 607.00000   -1887.50     800.00
20130723    KeltShort  1 565.50000       0.00       0.00
20130826  SX-C>KeltAv  1 580.50000    -850.00     -50.00
20131001    KeltShort  1 519.00000       0.00       0.00
20131204  SX-C>KeltAv  1 510.25000     337.50     287.50
20140109    KeltShort  1 485.75000       0.00       0.00
20140110  SX-C>KeltAv  1 506.50000   -1137.50    -850.00
20140205      KeltBuy  1 517.00000       0.00       0.00
20140502  LX-C<KeltAv  1 561.25000    2112.50    1262.50
20140519    KeltShort  1 539.00000       0.00       0.00
20141013  SX-C>KeltAv  1 402.00000    6750.00    8012.50
20141023      KeltBuy  1 415.75000       0.00       0.00
20150107  LX-C<KeltAv  1 439.25000    1075.00    9087.50
20150128    KeltShort  1 416.25000       0.00       0.00
20150311  SX-C>KeltAv  1 426.00000    -587.50    8500.00
20150317    KeltShort  1 406.00000       0.00       0.00
20150323  SX-C>KeltAv  1 425.25000   -1062.50    7437.50
20150413    KeltShort  1 405.50000       0.00       0.00
20150623  SX-C>KeltAv  1 396.50000     350.00    7787.50
20150625      KeltBuy  1 405.50000       0.00       0.00
20150727  LX-C<KeltAv  1 394.00000    -675.00    7112.50
20150729    KeltShort  1 388.75000       0.00       0.00
20150911  SX-C>KeltAv  1 397.50000    -537.50    6575.00
20151006      KeltBuy  1 408.75000       0.00       0.00
20151014  LX-C<KeltAv  1 389.50000   -1062.50    5512.50
20151109    KeltShort  1 377.25000       0.00       0.00
20151204  SX-C>KeltAv  1 386.25000    -550.00    4962.50
20151230    KeltShort  1 363.75000       0.00       0.00
20160119  SX-C>KeltAv  1 372.50000    -537.50    4425.00
20160229    KeltShort  1 357.00000       0.00       0.00
20160314  SX-C>KeltAv  1 368.75000    -687.50    3737.50
20160331    KeltShort  1 351.50000       0.00       0.00
20160401        S-EOD  1 354.00000    -225.00    3512.50
------------------------------
Sys Name : KeltnerChanSys
Mkt Symb : CL
20000508      KeltBuy  1  87.09000       0.00       0.00
20000721  LX-C<KeltAv  1  91.28000    4090.00    4090.00
20000814      KeltBuy  1  94.66000       0.00       0.00
20000928  LX-C<KeltAv  1  94.82000      60.00    4150.00
20001012      KeltBuy  1 100.54000       0.00       0.00
20001016     L-MMLoss  1  97.54000   -3100.00    1050.00
20001115      KeltBuy  1 100.40000       0.00       0.00
20001201     L-MMLoss  1  97.40000   -3100.00   -2050.00
20001205    KeltShort  1  94.94000       0.00       0.00
20010112  SX-C>KeltAv  1  96.63000   -1790.00   -3840.00
20010119      KeltBuy  1  98.55000       0.00       0.00
20010226  LX-C<KeltAv  1  96.87000   -1780.00   -5620.00
20010314    KeltShort  1  94.86000       0.00       0.00
20010410  SX-C>KeltAv  1  96.66000   -1900.00   -7520.00
20010518      KeltBuy  1  97.36000       0.00       0.00
20010524  LX-C<KeltAv  1  95.43000   -2030.00   -9550.00
20010620    KeltShort  1  93.39000       0.00       0.00
20010706  SX-C>KeltAv  1  95.12000   -1830.00  -11380.00
20010716    KeltShort  1  92.97000       0.00       0.00
20010802  SX-C>KeltAv  1  94.58000   -1710.00  -13090.00
20010906      KeltBuy  1  95.52000       0.00       0.00
20010920  LX-C<KeltAv  1  94.28000   -1340.00  -14430.00
20010924    KeltShort  1  89.56000       0.00       0.00
20011226  SX-C>KeltAv  1  87.90000    1560.00  -12870.00
20020301      KeltBuy  1  88.13000       0.00       0.00
20020412  LX-C<KeltAv  1  88.86000     630.00  -12240.00
20020514      KeltBuy  1  94.49000       0.00       0.00
20020524     L-MMLoss  1  91.49000   -3100.00  -15340.00
20020716      KeltBuy  1  93.50000       0.00       0.00
20020801  LX-C<KeltAv  1  92.09000   -1510.00  -16850.00
20020815      KeltBuy  1  94.64000       0.00       0.00
20021008  LX-C<KeltAv  1  95.50000     760.00  -16090.00
20021025    KeltShort  1  93.13000       0.00       0.00
20021127  SX-C>KeltAv  1  93.77000    -740.00  -16830.00
20021213      KeltBuy  1  95.32000       0.00       0.00
20030318  LX-C<KeltAv  1 101.68000    6260.00  -10570.00
20030319    KeltShort  1 100.99000       0.00       0.00
20030509  SX-C>KeltAv  1 101.36000    -470.00  -11040.00
20030527      KeltBuy  1 103.38000       0.00       0.00
20030902  LX-C<KeltAv  1 105.55000    2070.00   -8970.00
20030904    KeltShort  1 105.12000       0.00       0.00
20031003  SX-C>KeltAv  1 106.42000   -1400.00  -10370.00
20031010      KeltBuy  1 107.93000       0.00       0.00
20031029     L-MMLoss  1 104.93000   -3100.00  -13470.00
20031113      KeltBuy  1 107.84000       0.00       0.00
20031124  LX-C<KeltAv  1 106.27000   -1670.00  -15140.00
20031212      KeltBuy  1 109.57000       0.00       0.00
20040206  LX-C<KeltAv  1 109.86000     190.00  -14950.00
20040225      KeltBuy  1 113.39000       0.00       0.00
20040401  LX-C<KeltAv  1 112.54000    -950.00  -15900.00
20040412      KeltBuy  1 116.11000       0.00       0.00
20040604  LX-C<KeltAv  1 117.31000    1100.00  -14800.00
20040628    KeltShort  1 114.83000       0.00       0.00
20040706     S-MMLoss  1 117.83000   -3100.00  -17900.00
20040728      KeltBuy  1 121.31000       0.00       0.00
20040830  LX-C<KeltAv  1 121.61000     200.00  -17700.00
20040922      KeltBuy  1 127.68000       0.00       0.00
20041104  LX-C<KeltAv  1 128.85000    1070.00  -16630.00
20041112    KeltShort  1 127.35000       0.00       0.00
20050106  SX-C>KeltAv  1 124.98000    2270.00  -14360.00
20050125      KeltBuy  1 128.96000       0.00       0.00
20050131     L-MMLoss  1 125.96000   -3100.00  -17460.00
20050222      KeltBuy  1 130.21000       0.00       0.00
20050408  LX-C<KeltAv  1 131.60000    1290.00  -16170.00
20050413    KeltShort  1 128.50000       0.00       0.00
20050422     S-MMLoss  1 131.50000   -3100.00  -19270.00
20050427    KeltShort  1 128.32000       0.00       0.00
20050601  SX-C>KeltAv  1 129.43000   -1210.00  -20480.00
20050616      KeltBuy  1 131.41000       0.00       0.00
20050720  LX-C<KeltAv  1 130.90000    -610.00  -21090.00
20050808      KeltBuy  1 136.82000       0.00       0.00
20050912  LX-C<KeltAv  1 135.72000   -1200.00  -22290.00
20051006    KeltShort  1 133.40000       0.00       0.00
20051012     S-MMLoss  1 136.40000   -3100.00  -25390.00
20051020    KeltShort  1 132.70000       0.00       0.00
20051208  SX-C>KeltAv  1 132.77000    -170.00  -25560.00
20060103      KeltBuy  1 134.26000       0.00       0.00
20060207  LX-C<KeltAv  1 133.69000    -670.00  -26230.00
20060214    KeltShort  1 130.17000       0.00       0.00
20060328     S-MMLoss  1 133.17000   -3100.00  -29330.00
20060406      KeltBuy  1 135.44000       0.00       0.00
20060515  LX-C<KeltAv  1 135.17000    -370.00  -29700.00
20060705      KeltBuy  1 139.69000       0.00       0.00
20060719     L-MMLoss  1 136.69000   -3100.00  -32800.00
20060817    KeltShort  1 132.84000       0.00       0.00
20061129  SX-C>KeltAv  1 119.81000   12930.00  -19870.00
20070103    KeltShort  1 115.09000       0.00       0.00
20070208  SX-C>KeltAv  1 115.15000    -160.00  -20030.00
20070329      KeltBuy  1 118.53000       0.00       0.00
20070409     L-MMLoss  1 115.53000   -3100.00  -23130.00
20070618      KeltBuy  1 119.74000       0.00       0.00
20070806  LX-C<KeltAv  1 121.93000    2090.00  -21040.00
20070822    KeltShort  1 119.29000       0.00       0.00
20070829     S-MMLoss  1 122.29000   -3100.00  -24140.00
20070910      KeltBuy  1 127.52000       0.00       0.00
20071130  LX-C<KeltAv  1 142.61000   14990.00   -9150.00
20080102      KeltBuy  1 153.10000       0.00       0.00
20080107     L-MMLoss  1 150.10000   -3100.00  -12250.00
20080219      KeltBuy  1 154.14000       0.00       0.00
20080716  LX-C<KeltAv  1 190.47000   36230.00   23980.00
20080723    KeltShort  1 179.53000       0.00       0.00
20080731     S-MMLoss  1 182.53000   -3100.00   20880.00
20080804    KeltShort  1 176.50000       0.00       0.00
20090304  SX-C>KeltAv  1  85.20000   91200.00  112080.00
20090319      KeltBuy  1  91.10000       0.00       0.00
20090330     L-MMLoss  1  88.10000   -3100.00  108980.00
20090402      KeltBuy  1  91.70000       0.00       0.00
20090407     L-MMLoss  1  88.70000   -3100.00  105880.00
20090508      KeltBuy  1  95.55000       0.00       0.00
20090706  LX-C<KeltAv  1  99.94000    4290.00  110170.00
20090708    KeltShort  1  96.03000       0.00       0.00
20090717     S-MMLoss  1  99.03000   -3100.00  107070.00
20090924    KeltShort  1  98.64000       0.00       0.00
20090930     S-MMLoss  1 101.64000   -3100.00  103970.00
20091015      KeltBuy  1 110.33000       0.00       0.00
20091124  LX-C<KeltAv  1 107.83000   -2600.00  101370.00
20091208    KeltShort  1 104.43000       0.00       0.00
20091224     S-MMLoss  1 107.43000   -3100.00   98270.00
20100106      KeltBuy  1 113.56000       0.00       0.00
20100112     L-MMLoss  1 110.56000   -3100.00   95170.00
20100129    KeltShort  1 102.97000       0.00       0.00
20100202     S-MMLoss  1 105.97000   -3100.00   92070.00
20100205    KeltShort  1 101.27000       0.00       0.00
20100210     S-MMLoss  1 104.27000   -3100.00   88970.00
20100311      KeltBuy  1 111.94000       0.00       0.00
20100322     L-MMLoss  1 108.94000   -3100.00   85870.00
20100401      KeltBuy  1 114.41000       0.00       0.00
20100419     L-MMLoss  1 111.41000   -3100.00   82770.00
20100505    KeltShort  1 108.08000       0.00       0.00
20100621  SX-C>KeltAv  1 102.35000    5630.00   88400.00
20100802      KeltBuy  1 104.72000       0.00       0.00
20100811     L-MMLoss  1 101.72000   -3100.00   85300.00
20100823    KeltShort  1  96.12000       0.00       0.00
20100910     S-MMLoss  1  99.12000   -3100.00   82200.00
20101001      KeltBuy  1 103.34000       0.00       0.00
20101116  LX-C<KeltAv  1 103.38000     -60.00   82140.00
20101203      KeltBuy  1 109.63000       0.00       0.00
20110120  LX-C<KeltAv  1 108.52000   -1210.00   80930.00
20110125    KeltShort  1 105.12000       0.00       0.00
20110128     S-MMLoss  1 108.12000   -3100.00   77830.00
20110211    KeltShort  1 104.51000       0.00       0.00
20110222     S-MMLoss  1 107.51000   -3100.00   74730.00
20110223      KeltBuy  1 114.55000       0.00       0.00
20110505   RevLongLiq  1 114.90000     250.00   74980.00
20110505    KeltShort  1 114.90000       0.00       0.00
20110509     S-MMLoss  1 117.90000   -3100.00   71880.00
20110511    KeltShort  1 113.31000       0.00       0.00
20110526     S-MMLoss  1 116.31000   -3100.00   68780.00
20110615    KeltShort  1 109.45000       0.00       0.00
20110707     S-MMLoss  1 112.45000   -3100.00   65680.00
20110804    KeltShort  1 100.54000       0.00       0.00
20110901     S-MMLoss  1 103.54000   -3100.00   62580.00
20111003    KeltShort  1  91.26000       0.00       0.00
20111006     S-MMLoss  1  94.26000   -3100.00   59480.00
20111025      KeltBuy  1 106.63000       0.00       0.00
20111026     L-MMLoss  1 103.63000   -3100.00   56380.00
20111027      KeltBuy  1 107.42000       0.00       0.00
20111101     L-MMLoss  1 104.42000   -3100.00   53280.00
20111103      KeltBuy  1 107.53000       0.00       0.00
20111214  LX-C<KeltAv  1 108.30000     670.00   53950.00
20120221      KeltBuy  1 118.92000       0.00       0.00
20120329     L-MMLoss  1 115.92000   -3100.00   50850.00
20120410    KeltShort  1 113.22000       0.00       0.00
20120412     S-MMLoss  1 116.22000   -3100.00   47750.00
20120504    KeltShort  1 110.24000       0.00       0.00
20120703  SX-C>KeltAv  1  98.80000   11340.00   59090.00
20120719      KeltBuy  1 103.80000       0.00       0.00
20120723     L-MMLoss  1 100.80000   -3100.00   55990.00
20120803      KeltBuy  1 102.23000       0.00       0.00
20120919  LX-C<KeltAv  1 102.52000     190.00   56180.00
20120926    KeltShort  1 100.20000       0.00       0.00
20121001     S-MMLoss  1 103.20000   -3100.00   53080.00
20121003    KeltShort  1  98.36000       0.00       0.00
20121004     S-MMLoss  1 101.36000   -3100.00   49980.00
20121005    KeltShort  1 100.10000       0.00       0.00
20121009     S-MMLoss  1 103.10000   -3100.00   46880.00
20121022    KeltShort  1  98.48000       0.00       0.00
20121119  SX-C>KeltAv  1  98.69000    -310.00   46570.00
20121231      KeltBuy  1 100.76000       0.00       0.00
20130220  LX-C<KeltAv  1 103.24000    2380.00   48950.00
20130228    KeltShort  1 100.07000       0.00       0.00
20130325     S-MMLoss  1 103.07000   -3100.00   45850.00
20130415    KeltShort  1  96.36000       0.00       0.00
20130425     S-MMLoss  1  99.36000   -3100.00   42750.00
20130702      KeltBuy  1 106.53000       0.00       0.00
20130821  LX-C<KeltAv  1 111.18000    4550.00   47300.00
20130828      KeltBuy  1 117.43000       0.00       0.00
20130830     L-MMLoss  1 114.43000   -3100.00   44200.00
20131021    KeltShort  1 107.50000       0.00       0.00
20131204  SX-C>KeltAv  1 104.47000    2930.00   47130.00
20131220      KeltBuy  1 106.34000       0.00       0.00
20140102     L-MMLoss  1 103.34000   -3100.00   44030.00
20140106    KeltShort  1 100.45000       0.00       0.00
20140122     S-MMLoss  1 103.45000   -3100.00   40930.00
20140207      KeltBuy  1 106.68000       0.00       0.00
20140312  LX-C<KeltAv  1 105.12000   -1660.00   39270.00
20140409      KeltBuy  1 111.55000       0.00       0.00
20140430     L-MMLoss  1 108.55000   -3100.00   36170.00
20140521      KeltBuy  1 113.24000       0.00       0.00
20140707  LX-C<KeltAv  1 113.08000    -260.00   35910.00
20140711    KeltShort  1 110.38000       0.00       0.00
20140717     S-MMLoss  1 113.38000   -3100.00   32810.00
20140731    KeltShort  1 108.90000       0.00       0.00
20140926  SX-C>KeltAv  1 107.69000    1110.00   33920.00
20141008    KeltShort  1 101.46000       0.00       0.00
20150203  SX-C>KeltAv  1  67.17000   34190.00   68110.00
20150316    KeltShort  1  57.32000       0.00       0.00
20150325     S-MMLoss  1  60.32000   -3100.00   65010.00
20150415      KeltBuy  1  67.84000       0.00       0.00
20150527  LX-C<KeltAv  1  66.57000   -1370.00   63640.00
20150706    KeltShort  1  61.23000       0.00       0.00
20150831  SX-C>KeltAv  1  57.11000    4020.00   67660.00
20151008      KeltBuy  1  57.00000       0.00       0.00
20151014     L-MMLoss  1  54.00000   -3100.00   64560.00
20151112    KeltShort  1  48.86000       0.00       0.00
20160229  SX-C>KeltAv  1  35.21000   13550.00   78110.00
20160307      KeltBuy  1  39.36000       0.00       0.00
20160401        L-EOD  1  36.79000   -2670.00   75440.00
------------------------------
Sys Name : KeltnerChanSys
Mkt Symb : DX
20001013      KeltBuy  1 129.47500       0.00       0.00
20001103  LX-C<KeltAv  1 128.63500    -940.00    -940.00
20001121      KeltBuy  1 131.65500       0.00       0.00
20001130  LX-C<KeltAv  1 128.86500   -2890.00   -3830.00
20001204    KeltShort  1 127.41500       0.00       0.00
20010124  SX-C>KeltAv  1 125.71500    1600.00   -2230.00
20010215      KeltBuy  1 127.25500       0.00       0.00
20010306  LX-C<KeltAv  1 125.23500   -2120.00   -4350.00
20010314      KeltBuy  1 127.77500       0.00       0.00
20010420  LX-C<KeltAv  1 128.38500     510.00   -3840.00
20010523      KeltBuy  1 132.31500       0.00       0.00
20010711  LX-C<KeltAv  1 132.54500     130.00   -3710.00
20010718    KeltShort  1 131.20500       0.00       0.00
20011010  SX-C>KeltAv  1 127.33500    3770.00      60.00
20011022      KeltBuy  1 129.33500       0.00       0.00
20011130  LX-C<KeltAv  1 128.78500    -650.00    -590.00
20011224      KeltBuy  1 131.23500       0.00       0.00
20020102  LX-C<KeltAv  1 128.96500   -2370.00   -2960.00
20020123      KeltBuy  1 131.53500       0.00       0.00
20020305  LX-C<KeltAv  1 131.31500    -320.00   -3280.00
20020307    KeltShort  1 129.49500       0.00       0.00
20020328  SX-C>KeltAv  1 131.29500   -1900.00   -5180.00
20020417    KeltShort  1 129.09500       0.00       0.00
20020805  SX-C>KeltAv  1 119.31500    9680.00    4500.00
20021101    KeltShort  1 117.44500       0.00       0.00
20021127  SX-C>KeltAv  1 118.08500    -740.00    3760.00
20021206    KeltShort  1 116.57500       0.00       0.00
20030314  SX-C>KeltAv  1 110.78500    5690.00    9450.00
20030319      KeltBuy  1 112.38500       0.00       0.00
20030328  LX-C<KeltAv  1 110.62500   -1860.00    7590.00
20030429    KeltShort  1 108.47500       0.00       0.00
20030624  SX-C>KeltAv  1 104.68500    3690.00   11280.00
20030707      KeltBuy  1 105.75500       0.00       0.00
20030909  LX-C<KeltAv  1 106.28500     430.00   11710.00
20030919    KeltShort  1 104.76500       0.00       0.00
20031103  SX-C>KeltAv  1 103.29500    1370.00   13080.00
20031118    KeltShort  1  99.83500       0.00       0.00
20040129  SX-C>KeltAv  1  96.83500    2900.00   15980.00
20040211    KeltShort  1  94.37500       0.00       0.00
20040220  SX-C>KeltAv  1  96.41500   -2140.00   13840.00
20040302      KeltBuy  1  97.94500       0.00       0.00
20040331  LX-C<KeltAv  1  96.54500   -1500.00   12340.00
20040414      KeltBuy  1  99.15500       0.00       0.00
20040505  LX-C<KeltAv  1  98.09500   -1160.00   11180.00
20040510      KeltBuy  1 100.34500       0.00       0.00
20040525  LX-C<KeltAv  1  98.48500   -1960.00    9220.00
20040527    KeltShort  1  97.30500       0.00       0.00
20040723  SX-C>KeltAv  1  97.71500    -510.00    8710.00
20040930    KeltShort  1  95.52500       0.00       0.00
20050104  SX-C>KeltAv  1  90.60500    4820.00   13530.00
20050107      KeltBuy  1  91.62500       0.00       0.00
20050222  LX-C<KeltAv  1  90.31500   -1410.00   12120.00
20050308    KeltShort  1  89.86500       0.00       0.00
20050322  SX-C>KeltAv  1  91.28500   -1520.00   10600.00
20050328      KeltBuy  1  92.54500       0.00       0.00
20050801  LX-C<KeltAv  1  96.73500    4090.00   14690.00
20050810    KeltShort  1  95.60500       0.00       0.00
20050915  SX-C>KeltAv  1  96.15500    -650.00   14040.00
20050923      KeltBuy  1  97.24500       0.00       0.00
20051212  LX-C<KeltAv  1  98.57500    1230.00   15270.00
20060103    KeltShort  1  98.11500       0.00       0.00
20060203  SX-C>KeltAv  1  98.28500    -270.00   15000.00
20060404    KeltShort  1  97.47500       0.00       0.00
20060608  SX-C>KeltAv  1  94.84500    2530.00   17530.00
20060623      KeltBuy  1  95.82500       0.00       0.00
20060704  LX-C<KeltAv  1  94.17500   -1750.00   15780.00
20060717      KeltBuy  1  96.05500       0.00       0.00
20060728  LX-C<KeltAv  1  94.56500   -1590.00   14190.00
20060804    KeltShort  1  93.75500       0.00       0.00
20060814  SX-C>KeltAv  1  94.84500   -1190.00   13000.00
20061006      KeltBuy  1  95.94500       0.00       0.00
20061027  LX-C<KeltAv  1  95.08500    -960.00   12040.00
20061122    KeltShort  1  94.27500       0.00       0.00
20061226  SX-C>KeltAv  1  93.87500     300.00   12340.00
20070110      KeltBuy  1  94.90500       0.00       0.00
20070214  LX-C<KeltAv  1  94.11500    -890.00   11450.00
20070227    KeltShort  1  93.43500       0.00       0.00
20070510  SX-C>KeltAv  1  92.53500     800.00   12250.00
20070608      KeltBuy  1  93.04500       0.00       0.00
20070629  LX-C<KeltAv  1  92.30500    -840.00   11410.00
20070702    KeltShort  1  91.78500       0.00       0.00
20070813  SX-C>KeltAv  1  91.58500     100.00   11510.00
20070815      KeltBuy  1  92.37500       0.00       0.00
20070824  LX-C<KeltAv  1  91.22500   -1250.00   10260.00
20070907    KeltShort  1  90.52500       0.00       0.00
20071205  SX-C>KeltAv  1  87.23500    3190.00   13450.00
20071214      KeltBuy  1  88.21500       0.00       0.00
20080102  LX-C<KeltAv  1  86.77500   -1540.00   11910.00
20080130    KeltShort  1  85.90500       0.00       0.00
20080207  SX-C>KeltAv  1  87.88500   -2080.00    9830.00
20080226    KeltShort  1  85.55500       0.00       0.00
20080424  SX-C>KeltAv  1  83.13500    2320.00   12150.00
20080806      KeltBuy  1  84.33500       0.00       0.00
20080922  LX-C<KeltAv  1  85.77000    1335.00   13485.00
20081002      KeltBuy  1  90.03500       0.00       0.00
20081208  LX-C<KeltAv  1  94.99500    4860.00   18345.00
20081215    KeltShort  1  91.66000       0.00       0.00
20090113  SX-C>KeltAv  1  93.57000   -2010.00   16335.00
20090212      KeltBuy  1  95.48000       0.00       0.00
20090316  LX-C<KeltAv  1  95.50000     -80.00   16255.00
20090318    KeltShort  1  93.05500       0.00       0.00
20090420  SX-C>KeltAv  1  95.05500   -2100.00   14155.00
20090508    KeltShort  1  90.71500       0.00       0.00
20090708  SX-C>KeltAv  1  88.38500    2230.00   16385.00
20090731    KeltShort  1  85.83000       0.00       0.00
20091103  SX-C>KeltAv  1  83.70500    2025.00   18410.00
20091125    KeltShort  1  81.46000       0.00       0.00
20091204  SX-C>KeltAv  1  83.10500   -1745.00   16665.00
20091217      KeltBuy  1  84.88500       0.00       0.00
20100312  LX-C<KeltAv  1  86.59000    1605.00   18270.00
20100324      KeltBuy  1  88.62000       0.00       0.00
20100412  LX-C<KeltAv  1  87.20500   -1515.00   16755.00
20100428      KeltBuy  1  89.05000       0.00       0.00
20100618  LX-C<KeltAv  1  92.08500    2935.00   19690.00
20100702    KeltShort  1  90.78000       0.00       0.00
20100820  SX-C>KeltAv  1  89.27000    1410.00   21100.00
20100921    KeltShort  1  86.47000       0.00       0.00
20101111  SX-C>KeltAv  1  84.15000    2220.00   23320.00
20101123      KeltBuy  1  85.55500       0.00       0.00
20101230  LX-C<KeltAv  1  85.20500    -450.00   22870.00
20110119    KeltShort  1  84.21500       0.00       0.00
20110511  SX-C>KeltAv  1  80.63500    3480.00   26350.00
20110726    KeltShort  1  78.36500       0.00       0.00
20110804  SX-C>KeltAv  1  80.09500   -1830.00   24520.00
20110906      KeltBuy  1  80.79000       0.00       0.00
20111014  LX-C<KeltAv  1  81.13000     240.00   24760.00
20111027    KeltShort  1  79.23500       0.00       0.00
20111109     S-MMLoss  1  82.23500   -3100.00   21660.00
20111125      KeltBuy  1  84.05500       0.00       0.00
20120120  LX-C<KeltAv  1  83.98000    -175.00   21485.00
20120127    KeltShort  1  82.58500       0.00       0.00
20120306  SX-C>KeltAv  1  83.50000   -1015.00   20470.00
20120514      KeltBuy  1  83.88000       0.00       0.00
20120619  LX-C<KeltAv  1  84.35500     375.00   20845.00
20120724      KeltBuy  1  86.91500       0.00       0.00
20120726  LX-C<KeltAv  1  85.63000   -1385.00   19460.00
20120822    KeltShort  1  84.26500       0.00       0.00
20121023  SX-C>KeltAv  1  82.70500    1460.00   20920.00
20121102      KeltBuy  1  83.31000       0.00       0.00
20121123  LX-C<KeltAv  1  82.86000    -550.00   20370.00
20121214    KeltShort  1  82.18000       0.00       0.00
20130103  SX-C>KeltAv  1  83.04000    -960.00   19410.00
20130220      KeltBuy  1  83.68000       0.00       0.00
20130411  LX-C<KeltAv  1  84.61500     835.00   20245.00
20130501    KeltShort  1  83.81000       0.00       0.00
20130509  SX-C>KeltAv  1  85.16500   -1455.00   18790.00
20130515      KeltBuy  1  86.25000       0.00       0.00
20130603  LX-C<KeltAv  1  84.98000   -1370.00   17420.00
20130606    KeltShort  1  83.82500       0.00       0.00
20130626  SX-C>KeltAv  1  85.30000   -1575.00   15845.00
20130705      KeltBuy  1  86.76000       0.00       0.00
20130711  LX-C<KeltAv  1  84.98500   -1875.00   13970.00
20130808    KeltShort  1  83.09500       0.00       0.00
20130830  SX-C>KeltAv  1  84.21000   -1215.00   12755.00
20130918    KeltShort  1  82.25000       0.00       0.00
20131101  SX-C>KeltAv  1  82.69500    -545.00   12210.00
20131108      KeltBuy  1  83.27000       0.00       0.00
20131205  LX-C<KeltAv  1  82.12500   -1245.00   10965.00
20140228    KeltShort  1  81.46000       0.00       0.00
20140328  SX-C>KeltAv  1  81.94500    -585.00   10380.00
20140506    KeltShort  1  80.73500       0.00       0.00
20140509  SX-C>KeltAv  1  81.57000    -935.00    9445.00
20140528      KeltBuy  1  82.23000       0.00       0.00
20140625  LX-C<KeltAv  1  81.78500    -545.00    8900.00
20140725      KeltBuy  1  82.64500       0.00       0.00
20150403  LX-C<KeltAv  1  97.49500   14750.00   23650.00
20150409      KeltBuy  1 100.09000       0.00       0.00
20150416  LX-C<KeltAv  1  98.31000   -1880.00   21770.00
20150429    KeltShort  1  96.01500       0.00       0.00
20150526  SX-C>KeltAv  1  98.10000   -2185.00   19585.00
20150720      KeltBuy  1  98.50000       0.00       0.00
20150812  LX-C<KeltAv  1  96.63500   -1965.00   17620.00
20150821    KeltShort  1  95.34500       0.00       0.00
20150922  SX-C>KeltAv  1  96.59500   -1350.00   16270.00
20151014    KeltShort  1  94.10500       0.00       0.00
20151022  SX-C>KeltAv  1  96.60500   -2600.00   13670.00
20151023      KeltBuy  1  97.39500       0.00       0.00
20151203  LX-C<KeltAv  1  97.78500     290.00   13960.00
20160204    KeltShort  1  96.55000       0.00       0.00
20160226  SX-C>KeltAv  1  98.24000   -1790.00   12170.00
20160310    KeltShort  1  96.12000       0.00       0.00
20160401        S-EOD  1  94.62000    1400.00   13570.00
------------------------------
Sys Name : KeltnerChanSys
Mkt Symb : QM
20020617      KeltBuy  1  87.25000       0.00       0.00
20021009  LX-C<KeltAv  1  91.30000    1925.00    1925.00
20021022    KeltShort  1  90.05000       0.00       0.00
20021127  SX-C>KeltAv  1  89.80000      25.00    1950.00
20021212      KeltBuy  1  90.90000       0.00       0.00
20030318   RevLongLiq  1  97.37500    3137.50    5087.50
20030318    KeltShort  1  97.37500       0.00       0.00
20030509  SX-C>KeltAv  1  95.90000     637.50    5725.00
20030520      KeltBuy  1  97.45000       0.00       0.00
20030902  LX-C<KeltAv  1 100.75000    1550.00    7275.00
20030904    KeltShort  1 100.32500       0.00       0.00
20031003  SX-C>KeltAv  1 101.50000    -687.50    6587.50
20031010      KeltBuy  1 103.07500       0.00       0.00
20031029  LX-C<KeltAv  1 100.00000   -1637.50    4950.00
20031112      KeltBuy  1 102.42500       0.00       0.00
20031124  LX-C<KeltAv  1 101.70000    -462.50    4487.50
20031208      KeltBuy  1 104.05000       0.00       0.00
20040206  LX-C<KeltAv  1 105.45000     600.00    5087.50
20040217      KeltBuy  1 108.17500       0.00       0.00
20040401  LX-C<KeltAv  1 109.05000     337.50    5425.00
20040412      KeltBuy  1 112.62500       0.00       0.00
20040604  LX-C<KeltAv  1 113.92500     550.00    5975.00
20040628    KeltShort  1 111.52500       0.00       0.00
20040706  SX-C>KeltAv  1 114.92500   -1800.00    4175.00
20040723      KeltBuy  1 117.17500       0.00       0.00
20040831  LX-C<KeltAv  1 118.65000     637.50    4812.50
20040921      KeltBuy  1 123.42500       0.00       0.00
20041104  LX-C<KeltAv  1 126.15000    1262.50    6075.00
20041112    KeltShort  1 124.65000       0.00       0.00
20050106  SX-C>KeltAv  1 122.42500    1012.50    7087.50
20050125      KeltBuy  1 126.22500       0.00       0.00
20050207  LX-C<KeltAv  1 121.85000   -2287.50    4800.00
20050222      KeltBuy  1 127.35000       0.00       0.00
20050408  LX-C<KeltAv  1 128.72500     587.50    5387.50
20050413    KeltShort  1 125.62500       0.00       0.00
20050601  SX-C>KeltAv  1 126.90000    -737.50    4650.00
20050616      KeltBuy  1 128.87500       0.00       0.00
20050721  LX-C<KeltAv  1 127.67500    -700.00    3950.00
20050808      KeltBuy  1 134.50000       0.00       0.00
20050912  LX-C<KeltAv  1 133.45000    -625.00    3325.00
20051006    KeltShort  1 131.35000       0.00       0.00
20051208  SX-C>KeltAv  1 130.75000     200.00    3525.00
20060103      KeltBuy  1 132.55000       0.00       0.00
20060207  LX-C<KeltAv  1 132.12500    -312.50    3212.50
20060214    KeltShort  1 128.60000       0.00       0.00
20060328  SX-C>KeltAv  1 132.15000   -1875.00    1337.50
20060406      KeltBuy  1 134.02500       0.00       0.00
20060515  LX-C<KeltAv  1 133.52500    -350.00     987.50
20060705      KeltBuy  1 137.97500       0.00       0.00
20060720  LX-C<KeltAv  1 134.92500   -1625.00    -637.50
20060817    KeltShort  1 130.70000       0.00       0.00
20061129  SX-C>KeltAv  1 117.40000    6550.00    5912.50
20070103    KeltShort  1 112.67500       0.00       0.00
20070208  SX-C>KeltAv  1 112.65000     -87.50    5825.00
20070618      KeltBuy  1 116.22500       0.00       0.00
20070806  LX-C<KeltAv  1 118.57500    1075.00    6900.00
20070822    KeltShort  1 115.95000       0.00       0.00
20070829  SX-C>KeltAv  1 120.20000   -2225.00    4675.00
20070910      KeltBuy  1 124.20000       0.00       0.00
20071130  LX-C<KeltAv  1 139.47500    7537.50   12212.50
20080102      KeltBuy  1 150.12500       0.00       0.00
20080110     L-MMLoss  1 144.12500   -3100.00    9112.50
20080219      KeltBuy  1 151.15000       0.00       0.00
20080716  LX-C<KeltAv  1 187.17500   17912.50   27025.00
20080723    KeltShort  1 176.25000       0.00       0.00
20090226  SX-C>KeltAv  1  85.95000   45050.00   72075.00
20090319      KeltBuy  1  92.32500       0.00       0.00
20090420     L-MMLoss  1  86.32500   -3100.00   68975.00
20090508      KeltBuy  1  96.27500       0.00       0.00
20090706  LX-C<KeltAv  1 100.15000    1837.50   70812.50
20090708    KeltShort  1  96.25000       0.00       0.00
20090723     S-MMLoss  1 102.25000   -3100.00   67712.50
20090924    KeltShort  1  98.82500       0.00       0.00
20091006     S-MMLoss  1 104.82500   -3100.00   64612.50
20091015      KeltBuy  1 110.50000       0.00       0.00
20091124  LX-C<KeltAv  1 108.00000   -1350.00   63262.50
20091208    KeltShort  1 104.60000       0.00       0.00
20091224  SX-C>KeltAv  1 108.95000   -2275.00   60987.50
20100106      KeltBuy  1 114.07500       0.00       0.00
20100119     L-MMLoss  1 108.07500   -3100.00   57887.50
20100205    KeltShort  1 101.80000       0.00       0.00
20100216     S-MMLoss  1 107.80000   -3100.00   54787.50
20100311      KeltBuy  1 112.45000       0.00       0.00
20100419  LX-C<KeltAv  1 111.50000    -575.00   54212.50
20100505    KeltShort  1 108.35000       0.00       0.00
20100616  SX-C>KeltAv  1 103.45000    2350.00   56562.50
20100802      KeltBuy  1 106.00000       0.00       0.00
20100812  LX-C<KeltAv  1 100.40000   -2900.00   53662.50
20100823    KeltShort  1  97.40000       0.00       0.00
20100913  SX-C>KeltAv  1 101.50000   -2150.00   51512.50
20101001      KeltBuy  1 104.52500       0.00       0.00
20101116  LX-C<KeltAv  1 104.57500     -75.00   51437.50
20101203      KeltBuy  1 110.85000       0.00       0.00
20110120  LX-C<KeltAv  1 109.72500    -662.50   50775.00
20110125    KeltShort  1 106.32500       0.00       0.00
20110131     S-MMLoss  1 112.32500   -3100.00   47675.00
20110211    KeltShort  1 105.70000       0.00       0.00
20110222     S-MMLoss  1 111.70000   -3100.00   44575.00
20110223      KeltBuy  1 114.72500       0.00       0.00
20110505   RevLongLiq  1 115.07500      75.00   44650.00
20110505    KeltShort  1 115.07500       0.00       0.00
20110707  SX-C>KeltAv  1 113.10000     887.50   45537.50
20110804    KeltShort  1 100.70000       0.00       0.00
20110913  SX-C>KeltAv  1 104.12500   -1812.50   43725.00
20111003    KeltShort  1  91.42500       0.00       0.00
20111007     S-MMLoss  1  97.42500   -3100.00   40625.00
20111025      KeltBuy  1 106.80000       0.00       0.00
20111214  LX-C<KeltAv  1 108.47500     737.50   41362.50
20120221      KeltBuy  1 119.10000       0.00       0.00
20120329  LX-C<KeltAv  1 115.17500   -2062.50   39300.00
20120410    KeltShort  1 113.42500       0.00       0.00
20120501  SX-C>KeltAv  1 118.10000   -2437.50   36862.50
20120504    KeltShort  1 110.45000       0.00       0.00
20120703  SX-C>KeltAv  1  99.00000    5625.00   42487.50
20120719      KeltBuy  1 104.00000       0.00       0.00
20120725     L-MMLoss  1  98.00000   -3100.00   39387.50
20120803      KeltBuy  1 102.42500       0.00       0.00
20120919  LX-C<KeltAv  1 102.72500      50.00   39437.50
20120926    KeltShort  1 100.40000       0.00       0.00
20121119  SX-C>KeltAv  1  98.87500     662.50   40100.00
20121231      KeltBuy  1 100.95000       0.00       0.00
20130221  LX-C<KeltAv  1 101.02500     -62.50   40037.50
20130228    KeltShort  1 100.22500       0.00       0.00
20130325  SX-C>KeltAv  1 102.60000   -1287.50   38750.00
20130415    KeltShort  1  96.50000       0.00       0.00
20130425  SX-C>KeltAv  1 101.17500   -2437.50   36312.50
20130702      KeltBuy  1 106.67500       0.00       0.00
20130821  LX-C<KeltAv  1 111.42500    2275.00   38587.50
20130828      KeltBuy  1 117.67500       0.00       0.00
20130903     L-MMLoss  1 111.67500   -3100.00   35487.50
20130906      KeltBuy  1 118.10000       0.00       0.00
20130917  LX-C<KeltAv  1 113.00000   -2650.00   32837.50
20131017    KeltShort  1 108.80000       0.00       0.00
20131204  SX-C>KeltAv  1 104.32500    2137.50   34975.00
20131220      KeltBuy  1 106.20000       0.00       0.00
20140102  LX-C<KeltAv  1 102.32500   -2037.50   32937.50
20140106    KeltShort  1 100.30000       0.00       0.00
20140122  SX-C>KeltAv  1 103.37500   -1637.50   31300.00
20140207      KeltBuy  1 106.52500       0.00       0.00
20140312  LX-C<KeltAv  1 105.10000    -812.50   30487.50
20140409      KeltBuy  1 111.90000       0.00       0.00
20140430  LX-C<KeltAv  1 108.77500   -1662.50   28825.00
20140521      KeltBuy  1 113.60000       0.00       0.00
20140707  LX-C<KeltAv  1 113.42500    -187.50   28637.50
20140711    KeltShort  1 110.72500       0.00       0.00
20140721  SX-C>KeltAv  1 114.50000   -1987.50   26650.00
20140731    KeltShort  1 109.82500       0.00       0.00
20140926  SX-C>KeltAv  1 107.57500    1025.00   27675.00
20141008    KeltShort  1 101.32500       0.00       0.00
20150203  SX-C>KeltAv  1  67.27500   16925.00   44600.00
20150316    KeltShort  1  57.42500       0.00       0.00
20150326     S-MMLoss  1  63.42500   -3100.00   41500.00
20150415      KeltBuy  1  67.95000       0.00       0.00
20150527  LX-C<KeltAv  1  66.72500    -712.50   40787.50
20150706    KeltShort  1  61.37500       0.00       0.00
20150831  SX-C>KeltAv  1  57.27500    1950.00   42737.50
20151008      KeltBuy  1  57.22500       0.00       0.00
20151021  LX-C<KeltAv  1  52.62500   -2400.00   40337.50
20151112    KeltShort  1  49.17500       0.00       0.00
20160229  SX-C>KeltAv  1  35.45000    6762.50   47100.00
20160307      KeltBuy  1  39.60000       0.00       0.00
20160401        L-EOD  1  36.80000   -1500.00   45600.00
------------------------------
Sys Name : KeltnerChanSys
Mkt Symb : S2
20020702      KeltBuy  1 557.25000       0.00       0.00
20020729  LX-C<KeltAv  1 551.25000    -400.00    -400.00
20020731      KeltBuy  1 584.75000       0.00       0.00
20020930  LX-C<KeltAv  1 594.00000     362.50     -37.50
20021009    KeltShort  1 571.75000       0.00       0.00
20021023  SX-C>KeltAv  1 602.75000   -1650.00   -1687.50
20021120      KeltBuy  1 621.75000       0.00       0.00
20021209  LX-C<KeltAv  1 608.00000    -787.50   -2475.00
20030108      KeltBuy  1 632.50000       0.00       0.00
20030110  LX-C<KeltAv  1 607.25000   -1362.50   -3837.50
20030113    KeltShort  1 598.50000       0.00       0.00
20030124  SX-C>KeltAv  1 619.50000   -1150.00   -4987.50
20030404      KeltBuy  1 641.25000       0.00       0.00
20030602  LX-C<KeltAv  1 663.50000    1012.50   -3975.00
20030703    KeltShort  1 653.50000       0.00       0.00
20030812  SX-C>KeltAv  1 652.00000     -25.00   -4000.00
20030818      KeltBuy  1 686.00000       0.00       0.00
20031124  LX-C<KeltAv  1 839.50000    7575.00    3575.00
20040112      KeltBuy  1 920.50000       0.00       0.00
20040202  LX-C<KeltAv  1 890.75000   -1587.50    1987.50
20040206      KeltBuy  1 937.75000       0.00       0.00
20040415  LX-C<KeltAv  1 1061.25000    6075.00    8062.50
20040514    KeltShort  1 1029.25000       0.00       0.00
20040625  SX-C>KeltAv  1 1012.25000     750.00    8812.50
20040722    KeltShort  1 896.50000       0.00       0.00
20040825  SX-C>KeltAv  1 915.25000   -1037.50    7775.00
20040920    KeltShort  1 846.50000       0.00       0.00
20041115  SX-C>KeltAv  1 834.75000     487.50    8262.50
20041117      KeltBuy  1 852.00000       0.00       0.00
20041201  LX-C<KeltAv  1 827.00000   -1350.00    6912.50
20050114    KeltShort  1 818.75000       0.00       0.00
20050214  SX-C>KeltAv  1 835.00000    -912.50    6000.00
20050217      KeltBuy  1 852.00000       0.00       0.00
20050414  LX-C<KeltAv  1 915.25000    3062.50    9062.50
20050525      KeltBuy  1 958.75000       0.00       0.00
20050628  LX-C<KeltAv  1 960.00000     -37.50    9025.00
20050815    KeltShort  1 893.75000       0.00       0.00
20051012  SX-C>KeltAv  1 863.00000    1437.50   10462.50
20051123    KeltShort  1 823.50000       0.00       0.00
20051212  SX-C>KeltAv  1 845.50000   -1200.00    9262.50
20051219      KeltBuy  1 871.75000       0.00       0.00
20060109  LX-C<KeltAv  1 845.25000   -1425.00    7837.50
20060118    KeltShort  1 817.00000       0.00       0.00
20060130  SX-C>KeltAv  1 850.00000   -1750.00    6087.50
20060403    KeltShort  1 804.25000       0.00       0.00
20060425  SX-C>KeltAv  1 818.50000    -812.50    5275.00
20060511      KeltBuy  1 838.25000       0.00       0.00
20060519  LX-C<KeltAv  1 812.25000   -1400.00    3875.00
20060626    KeltShort  1 791.75000       0.00       0.00
20060630  SX-C>KeltAv  1 819.75000   -1500.00    2375.00
20060807    KeltShort  1 779.25000       0.00       0.00
20061004  SX-C>KeltAv  1 752.50000    1237.50    3612.50
20061009      KeltBuy  1 771.75000       0.00       0.00
20061215  LX-C<KeltAv  1 841.75000    3400.00    7012.50
20070112      KeltBuy  1 886.00000       0.00       0.00
20070306  LX-C<KeltAv  1 901.25000     662.50    7675.00
20070417    KeltShort  1 877.50000       0.00       0.00
20070511  SX-C>KeltAv  1 898.00000   -1125.00    6550.00
20070516      KeltBuy  1 929.00000       0.00       0.00
20070717  LX-C<KeltAv  1 963.25000    1612.50    8162.50
20070816    KeltShort  1 917.25000       0.00       0.00
20070827  SX-C>KeltAv  1 975.50000   -3012.50    5150.00
20070910      KeltBuy  1 1020.75000       0.00       0.00
20080123  LX-C<KeltAv  1 1256.00000   11662.50   16812.50
20080130      KeltBuy  1 1342.25000       0.00       0.00
20080314  LX-C<KeltAv  1 1400.00000    2787.50   19600.00
20080319    KeltShort  1 1304.25000       0.00       0.00
20080326     S-MMLoss  1 1404.25000   -5100.00   14500.00
20080328    KeltShort  1 1314.50000       0.00       0.00
20080410     S-MMLoss  1 1374.50000   -3100.00   11400.00
20080605      KeltBuy  1 1482.25000       0.00       0.00
20080718  LX-C<KeltAv  1 1488.25000     200.00   11600.00
20080723    KeltShort  1 1424.25000       0.00       0.00
20081222  SX-C>KeltAv  1 917.00000   25262.50   36862.50
20081226      KeltBuy  1 983.75000       0.00       0.00
20090213  LX-C<KeltAv  1 982.75000    -150.00   36712.50
20090218    KeltShort  1 914.75000       0.00       0.00
20090319     S-MMLoss  1 974.75000   -3100.00   33612.50
20090402      KeltBuy  1 1001.75000       0.00       0.00
20090622  LX-C<KeltAv  1 1183.25000    8975.00   42587.50
20090707    KeltShort  1 1101.25000       0.00       0.00
20090730     S-MMLoss  1 1161.25000   -3100.00   39487.50
20090805      KeltBuy  1 1251.25000       0.00       0.00
20090814     L-MMLoss  1 1191.25000   -3100.00   36387.50
20090911    KeltShort  1 1109.25000       0.00       0.00
20090915     S-MMLoss  1 1169.25000   -3100.00   33287.50
20091002    KeltShort  1 1091.25000       0.00       0.00
20091009     S-MMLoss  1 1151.25000   -3100.00   30187.50
20091012      KeltBuy  1 1205.25000       0.00       0.00
20091218  LX-C<KeltAv  1 1219.75000     625.00   30812.50
20100112    KeltShort  1 1177.25000       0.00       0.00
20100310  SX-C>KeltAv  1 1150.25000    1250.00   32062.50
20100421      KeltBuy  1 1188.50000       0.00       0.00
20100506  LX-C<KeltAv  1 1136.50000   -2700.00   29362.50
20100517    KeltShort  1 1123.50000       0.00       0.00
20100618  SX-C>KeltAv  1 1143.50000   -1100.00   28262.50
20100709      KeltBuy  1 1166.25000       0.00       0.00
20101119  LX-C<KeltAv  1 1402.25000   11700.00   39962.50
20101223      KeltBuy  1 1550.25000       0.00       0.00
20110215  LX-C<KeltAv  1 1558.25000     300.00   40262.50
20110222    KeltShort  1 1488.25000       0.00       0.00
20110225     S-MMLoss  1 1548.25000   -3100.00   37162.50
20110311    KeltShort  1 1513.25000       0.00       0.00
20110331     S-MMLoss  1 1573.25000   -3100.00   34062.50
20110630    KeltShort  1 1461.25000       0.00       0.00
20110711     S-MMLoss  1 1521.25000   -3100.00   30962.50
20110809    KeltShort  1 1467.00000       0.00       0.00
20110815  SX-C>KeltAv  1 1518.50000   -2675.00   28287.50
20110826      KeltBuy  1 1590.75000       0.00       0.00
20110915     L-MMLoss  1 1530.75000   -3100.00   25187.50
20110921    KeltShort  1 1487.75000       0.00       0.00
20111222  SX-C>KeltAv  1 1320.50000    8262.50   33450.00
20120103      KeltBuy  1 1376.25000       0.00       0.00
20120112     L-MMLoss  1 1316.25000   -3100.00   30350.00
20120123      KeltBuy  1 1366.25000       0.00       0.00
20120511  LX-C<KeltAv  1 1540.25000    8600.00   38950.00
20120523    KeltShort  1 1496.75000       0.00       0.00
20120607     S-MMLoss  1 1556.75000   -3100.00   35850.00
20120702      KeltBuy  1 1621.50000       0.00       0.00
20120917  LX-C<KeltAv  1 1852.50000   11450.00   47300.00
20120926    KeltShort  1 1756.50000       0.00       0.00
20121206  SX-C>KeltAv  1 1672.25000    4112.50   51412.50
20121220    KeltShort  1 1589.75000       0.00       0.00
20130116  SX-C>KeltAv  1 1621.50000   -1687.50   49725.00
20130204      KeltBuy  1 1673.75000       0.00       0.00
20130211  LX-C<KeltAv  1 1616.50000   -2962.50   46762.50
20130221      KeltBuy  1 1672.75000       0.00       0.00
20130314  LX-C<KeltAv  1 1638.00000   -1837.50   44925.00
20130401    KeltShort  1 1593.25000       0.00       0.00
20130418  SX-C>KeltAv  1 1633.00000   -2087.50   42837.50
20130516      KeltBuy  1 1670.50000       0.00       0.00
20130628  LX-C<KeltAv  1 1713.25000    2037.50   44875.00
20130725    KeltShort  1 1685.25000       0.00       0.00
20130815  SX-C>KeltAv  1 1726.75000   -2175.00   42700.00
20130819      KeltBuy  1 1764.50000       0.00       0.00
20130930  LX-C<KeltAv  1 1744.00000   -1125.00   41575.00
20131011    KeltShort  1 1728.00000       0.00       0.00
20131108  SX-C>KeltAv  1 1760.50000   -1725.00   39850.00
20131125      KeltBuy  1 1793.75000       0.00       0.00
20131231  LX-C<KeltAv  1 1765.75000   -1500.00   38350.00
20140213      KeltBuy  1 1817.50000       0.00       0.00
20140507  LX-C<KeltAv  1 1945.50000    6300.00   44650.00
20140612    KeltShort  1 1914.50000       0.00       0.00
20141023  SX-C>KeltAv  1 1686.00000   11325.00   55975.00
20141027      KeltBuy  1 1698.75000       0.00       0.00
20141202  LX-C<KeltAv  1 1681.50000    -962.50   55012.50
20150115    KeltShort  1 1670.25000       0.00       0.00
20150217  SX-C>KeltAv  1 1687.00000    -937.50   54075.00
20150317    KeltShort  1 1629.75000       0.00       0.00
20150401  SX-C>KeltAv  1 1665.00000   -1862.50   52212.50
20150409    KeltShort  1 1628.75000       0.00       0.00
20150429  SX-C>KeltAv  1 1661.25000   -1725.00   50487.50
20150520    KeltShort  1 1614.50000       0.00       0.00
20150616  SX-C>KeltAv  1 1630.75000    -912.50   49575.00
20150622      KeltBuy  1 1662.75000       0.00       0.00
20150724  LX-C<KeltAv  1 1668.50000     187.50   49762.50
20150812    KeltShort  1 1613.50000       0.00       0.00
20151006  SX-C>KeltAv  1 1591.50000    1000.00   50762.50
20151110    KeltShort  1 1559.50000       0.00       0.00
20151130  SX-C>KeltAv  1 1585.00000   -1375.00   49387.50
20151204      KeltBuy  1 1610.00000       0.00       0.00
20151208  LX-C<KeltAv  1 1580.75000   -1562.50   47825.00
20160321      KeltBuy  1 1602.00000       0.00       0.00
20160401        L-EOD  1 1618.25000     712.50   48537.50
