------------------------------
Sys Name : KeltChanStocks
Mkt Symb : xom.csv
Profit/Loss : -5439.0
Num Trades : 63
Percent Wins : 1.333
Avg Win  : 95.87
Avg Loss : -321.48
Avg Trade: -86.33
MAX DrawDown: 7238.0
------------------------------
20060531        376        376
20060630        -31        345
20060731        427        772
20060831         -7        765
20060929       -275        490
20061031        107        597
20061130        539       1136
20061229        -18       1118
20070131       -553        565
20070228          0        565
20070330       -524         41
20070430        393        434
20070531        379        813
20070629        -90        723
20070731        -97        626
20070831      -1098       -472
20070928        -80       -552
20071031       -152       -704
20071130       -150       -854
20071231        -83       -937
20080131       -336      -1273
20080229       -180      -1453
20080331          0      -1453
20080430         18      -1435
20080530       -811      -2246
20080630       -242      -2488
20080731        770      -1718
20080829        -85      -1803
20080930       -645      -2448
20081031       -696      -3144
20081128          0      -3144
20081231          0      -3144
20090130          0      -3144
20090227        338      -2806
20090331       -343      -3149
20090430          0      -3149
20090529          0      -3149
20090630       -302      -3451
20090731       -401      -3852
20090831          0      -3852
20090930          0      -3852
20091030       -296      -4148
20091130        340      -3808
20091231        -72      -3880
20100129        376      -3504
20100226        -57      -3561
20100331       -157      -3718
20100430        -42      -3760
20100528        203      -3557
20100630        339      -3218
20100730       -342      -3560
20100831       -291      -3851
20100930          0      -3851
20101029        323      -3528
20101130        307      -3221
20101231        356      -2865
20110131        756      -2109
20110228        485      -1624
20110331       -866      -2490
20110429         56      -2434
20110531       -781      -3215
20110630        199      -3016
20110729       -533      -3549
20110831        382      -3167
20110930        -63      -3230
20111031         93      -3137
20111130       -792      -3929
20111230        164      -3765
20120131       -112      -3877
20120229          0      -3877
20120330          0      -3877
20120430       -368      -4245
20120531        421      -3824
20120629       -469      -4293
20120731        128      -4165
20120831         45      -4120
20120928        415      -3705
20121031       -137      -3842
20121130          4      -3838
20121231       -286      -4124
20130131       -309      -4433
20130228       -182      -4615
20130328          0      -4615
20130430       -291      -4906
20130531        -68      -4974
20130628        -92      -5066
20130731        -63      -5129
20130830         83      -5046
20130930       -252      -5298
20131031       -166      -5464
20131129        386      -5078
20131231        772      -4306
20140131       -164      -4470
20140228       -438      -4908
20140331         -2      -4910
20140430        473      -4437
20140530       -188      -4625
20140630       -341      -4966
20140731          0      -4966
20140829        -52      -5018
20140930        541      -4477
20141031       -115      -4592
20141128          0      -4592
20141231       -507      -5099
20150130          0      -5099
20150227          0      -5099
20150331        174      -4925
20150430       -173      -5098
20150529       -243      -5341
20150630        102      -5239
20150731        399      -4840
20150831        397      -4443
20150930         79      -4364
20151030        485      -3879
20151130       -474      -4353
20151231       -349      -4702
20160129       -930      -5632
20160229       -185      -5817
20160331        344      -5473
20160428         34      -5439
------------------------------
------------------------------
Sys Name : KeltChanStocks
Mkt Symb : aapl.csv
Profit/Loss : 3181.0
Num Trades : 63
Percent Wins : 1.397
Avg Win  : 177.31
Avg Loss : -327.16
Avg Trade: 50.49
MAX DrawDown: 4201.0
------------------------------
20060531        162        162
20060630         36        198
20060731          3        201
20060831         -2        199
20060929        131        330
20061031         58        388
20061130        151        539
20061229       -146        393
20070131       -188        205
20070228          0        205
20070330         25        230
20070430         16        246
20070531        305        551
20070629         12        563
20070731        139        702
20070831       -276        426
20070928         74        500
20071031        522       1022
20071130       -603        419
20071231         54        473
20080131        213        686
20080229        148        834
20080331        -64        770
20080430        435       1205
20080530        211       1416
20080630       -219       1197
20080731        121       1318
20080829       -161       1157
20080930        543       1700
20081031         87       1787
20081128        213       2000
20081231       -111       1889
20090130       -189       1700
20090227       -140       1560
20090331        -95       1465
20090430        296       1761
20090529        142       1903
20090630         95       1998
20090731        299       2297
20090831         69       2366
20090930        245       2611
20091030         45       2656
20091130        163       2819
20091231        -28       2791
20100129       -195       2596
20100226       -189       2407
20100331        229       2636
20100430        373       3009
20100528       -577       2432
20100630          0       2432
20100730          0       2432
20100831        -45       2387
20100930          5       2392
20101029        246       2638
20101130         -2       2636
20101231        -37       2599
20110131        239       2838
20110228        -20       2818
20110331       -513       2305
20110429       -294       2011
20110531          0       2011
20110630       -149       1862
20110729        586       2448
20110831       -800       1648
20110930       -443       1205
20111031       -246        959
20111130       -334        625
20111230       -149        476
20120131        735       1211
20120229       1228       2439
20120330        816       3255
20120430       -390       2865
20120531       -178       2687
20120629        -47       2640
20120731       -361       2279
20120831        778       3057
20120928         27       3084
20121031        492       3576
20121130        144       3720
20121231        759       4479
20130131        410       4889
20130228        201       5090
20130328       -214       4876
20130430       -289       4587
20130531       -466       4121
20130628        290       4411
20130731       -423       3988
20130830        495       4483
20130930       -877       3606
20131031        197       3803
20131129        477       4280
20131231         71       4351
20140131       -212       4139
20140228       -637       3502
20140331       -118       3384
20140430        238       3622
20140530        613       4235
20140630        250       4485
20140731        267       4752
20140829        690       5442
20140930       -473       4969
20141031       -314       4655
20141128       1093       5748
20141231      -1530       4218
20150130       -799       3419
20150227       1130       4549
20150331       -518       4031
20150430       -760       3271
20150529       -226       3045
20150630       -348       2697
20150731       -866       1831
20150831        854       2685
20150930       -362       2323
20151030         42       2365
20151130       -726       1639
20151231        523       2162
20160129        792       2954
20160229         65       3019
20160331        204       3223
20160428        -42       3181
------------------------------
------------------------------
Sys Name : KeltChanStocks
Mkt Symb : dbc.csv
Profit/Loss : 1143.0
Num Trades : 63
Percent Wins : 1.286
Avg Win  : 61.81
Avg Loss : -86.09
Avg Trade: 18.14
MAX DrawDown: 1782.0
------------------------------
20060531        -21        -21
20060630       -118       -139
20060731       -128       -267
20060831       -145       -412
20060929        105       -307
20061031        -64       -371
20061130         73       -298
20061229       -141       -439
20070131        -19       -458
20070228        -11       -469
20070330          9       -460
20070430         19       -441
20070531        -59       -500
20070629        -54       -554
20070731         23       -531
20070831        -34       -565
20070928        110       -455
20071031        239       -216
20071130        -19       -235
20071231         11       -224
20080131       -123       -347
20080229        269        -78
20080331        -33       -111
20080430       -141       -252
20080530        -43       -295
20080630        423        128
20080731       -181        -53
20080829        264        211
20080930        387        598
20081031        850       1448
20081128        314       1762
20081231        106       1868
20090130        -84       1784
20090227        -69       1715
20090331       -146       1569
20090430        -66       1503
20090529        143       1646
20090630        -71       1575
20090731       -136       1439
20090831       -143       1296
20090930        -54       1242
20091030        -27       1215
20091130        107       1322
20091231        -77       1245
20100129        -14       1231
20100226       -136       1095
20100331          0       1095
20100430          8       1103
20100528         30       1133
20100630        -48       1085
20100730          0       1085
20100831        -79       1006
20100930         74       1080
20101029        107       1187
20101130        -73       1114
20101231        119       1233
20110131         98       1331
20110228        119       1450
20110331        -90       1360
20110429        139       1499
20110531       -487       1012
20110630        -64        948
20110729       -151        797
20110831       -166        631
20110930        227        858
20111031       -253        605
20111130       -135        470
20111230        -75        395
20120131       -108        287
20120229        149        436
20120330        -55        381
20120430        -22        359
20120531        317        676
20120629        -61        615
20120731         83        698
20120831        154        852
20120928        -61        791
20121031         31        822
20121130        -60        762
20121231          0        762
20130131         31        793
20130228        -31        762
20130328        -18        744
20130430        104        848
20130531        -17        831
20130628         46        877
20130731       -103        774
20130830        -51        723
20130930       -141        582
20131031        -80        502
20131129        -10        492
20131231        -25        467
20140131          2        469
20140228        -29        440
20140331        -48        392
20140430        -10        382
20140530        -41        341
20140630        -52        289
20140731         13        302
20140829         29        331
20140930        181        512
20141031         90        602
20141128        190        792
20141231        197        989
20150130        105       1094
20150227        -90       1004
20150331        -12        992
20150430        -54        938
20150529       -106        832
20150630        -39        793
20150731        144        937
20150831          4        941
20150930         54        995
20151030        -82        913
20151130         42        955
20151231         83       1038
20160129         58       1096
20160229          5       1101
20160331         14       1115
20160428         28       1143
------------------------------
------------------------------
Sys Name : KeltChanStocks
Mkt Symb : fb.csv
Profit/Loss : -1017.0
Num Trades : 26
Percent Wins : 1.346
Avg Win  : 171.49
Avg Loss : -413.47
Avg Trade: -39.12
MAX DrawDown: 4576.0
------------------------------
20120531        443        443
20120629       -150        293
20120731        939       1232
20120831        365       1597
20120928       -715        882
20121031       -212        670
20121130        370       1040
20121231       -138        902
20130131        436       1338
20130228       -335       1003
20130328        167       1170
20130430       -191        979
20130531       -251        728
20130628        -53        675
20130731       1096       1771
20130830        449       2220
20130930        894       3114
20131031         -2       3112
20131129       -327       2785
20131231       -201       2584
20140131         29       2613
20140228        589       3202
20140331       -431       2771
20140430         46       2817
20140530        -81       2736
20140630        152       2888
20140731         12       2900
20140829        217       3117
20140930        422       3539
20141031      -1228       2311
20141128          0       2311
20141231       -186       2125
20150130       -197       1928
20150227       -144       1784
20150331        325       2109
20150430       -154       1955
20150529       -163       1792
20150630       -232       1560
20150731        824       2384
20150831       -692       1692
20150930       -357       1335
20151030        443       1778
20151130        227       2005
20151231       -222       1783
20160129       -819        964
20160229      -1256       -292
20160331       -204       -496
20160428       -521      -1017
------------------------------
------------------------------
Sys Name : KeltChanStocks
Mkt Symb : gdx.csv
Profit/Loss : 1585.0
Num Trades : 24
Percent Wins : 1.333
Avg Win  : 133.81
Avg Loss : -169.19
Avg Trade: 66.04
MAX DrawDown: 1304.0
------------------------------
20120531       -124       -124
20120629       -615       -739
20120731       -112       -851
20120831          6       -845
20120928        575       -270
20121031       -283       -553
20121130        184       -369
20121231        116       -253
20130131        477        224
20130228        422        646
20130328        -45        601
20130430        749       1350
20130531         20       1370
20130628        202       1572
20130731       -305       1267
20130830         12       1279
20130930       -166       1113
20131031       -171        942
20131129         57        999
20131231        115       1114
20140131        -79       1035
20140228        240       1275
20140331       -177       1098
20140430        -50       1048
20140530        161       1209
20140630          6       1215
20140731        -54       1161
20140829          6       1167
20140930        352       1519
20141031        415       1934
20141128       -319       1615
20141231       -128       1487
20150130         14       1501
20150227       -182       1319
20150331         34       1353
20150430       -226       1127
20150529        -96       1031
20150630        107       1138
20150731        401       1539
20150831       -261       1278
20150930        -26       1252
20151030        -72       1180
20151130        -74       1106
20151231       -117        989
20160129       -297        692
20160229        403       1095
20160331         59       1154
20160428        431       1585
------------------------------
------------------------------
Sys Name : KeltChanStocks
Mkt Symb : goog.csv
Profit/Loss : -1761.0
Num Trades : 28
Percent Wins : 1.393
Avg Win  : 816.33
Avg Loss : -1976.94
Avg Trade: -62.89
MAX DrawDown: 14323.0
------------------------------
20120531          0          0
20120629         39         39
20120731        709        748
20120831       2607       3355
20120928       3470       6825
20121031      -2910       3915
20121130       -914       3001
20121231       -670       2331
20130131        557       2888
20130228       2275       5163
20130328       -361       4802
20130430      -1662       3140
20130531       1275       4415
20130628        -81       4334
20130731      -1637       2697
20130830        638       3335
20130930      -3382        -47
20131031        959        912
20131129       1451       2363
20131231       3056       5419
20140131       -984       4435
20140228       1734       6169
20140331      -1251       4918
20140430         -5       4913
20140530      -1844       3069
20140630       1539       4608
20140731       -378       4230
20140829          0       4230
20140930      -2112       2118
20141031        180       2298
20141128       1725       4023
20141231       1543       5566
20150130      -2951       2615
20150227       1547       4162
20150331      -1016       3146
20150430      -3581       -435
20150529      -1839      -2274
20150630          0      -2274
20150731       3441       1167
20150831      -3610      -2443
20150930          0      -2443
20151030       4907       2464
20151130       3179       5643
20151231       1628       7271
20160129      -4724       2547
20160229      -1420       1127
20160331      -2148      -1021
20160428       -740      -1761
------------------------------
------------------------------
Sys Name : KeltChanStocks
Mkt Symb : ivm.csv
Profit/Loss : -2828.0
Num Trades : 31
Percent Wins : 1.226
Avg Win  : 89.37
Avg Loss : -259.75
Avg Trade: -91.23
MAX DrawDown: 5415.0
------------------------------
20120531         34         34
20120629       -264       -230
20120731       -291       -521
20120831        -59       -580
20120928        232       -348
20121031       -137       -485
20121130        -71       -556
20121231         91       -465
20130131        526         61
20130228         90        151
20130328        395        546
20130430       -618        -72
20130531        165         93
20130628       -221       -128
20130731        266        138
20130830       -208        -70
20130930       -313       -383
20131031       -114       -497
20131129        -38       -535
20131231       -255       -790
20140131       -201       -991
20140228       -518      -1509
20140331       -293      -1802
20140430         84      -1718
20140530       -170      -1888
20140630        293      -1595
20140731       -307      -1902
20140829       -395      -2297
20140930       -122      -2419
20141031       -492      -2911
20141128         13      -2898
20141231       -300      -3198
20150130       -238      -3436
20150227         20      -3416
20150331        179      -3237
20150430        -67      -3304
20150529       -397      -3701
20150630       -374      -4075
20150731       -502      -4577
20150831        776      -3801
20150930        600      -3201
20151030       -538      -3739
20151130       -445      -4184
20151231       -390      -4574
20160129        966      -3608
20160229         32      -3576
20160331        461      -3115
20160428        287      -2828
------------------------------
------------------------------
Sys Name : KeltChanStocks
Mkt Symb : msft.csv
Profit/Loss : -1967.0
Num Trades : 27
Percent Wins : 1.259
Avg Win  : 62.47
Avg Loss : -205.05
Avg Trade: -72.85
MAX DrawDown: 2594.0
------------------------------
20120531         56         56
20120629       -161       -105
20120731          0       -105
20120831          0       -105
20120928       -106       -211
20121031         95       -116
20121130         18        -98
20121231       -116       -214
20130131          0       -214
20130228          0       -214
20130328          0       -214
20130430        430        216
20130531        180        396
20130628       -151        245
20130731       -531       -286
20130830       -436       -722
20130930       -162       -884
20131031         96       -788
20131129        272       -516
20131231       -154       -670
20140131        -83       -753
20140228          0       -753
20140331        268       -485
20140430        -59       -544
20140530        -81       -625
20140630         22       -603
20140731        146       -457
20140829        227       -230
20140930         93       -137
20141031       -313       -450
20141128         24       -426
20141231       -393       -819
20150130         63       -756
20150227       -345      -1101
20150331        118       -983
20150430       -158      -1141
20150529       -178      -1319
20150630        -60      -1379
20150731       -261      -1640
20150831       -243      -1883
20150930        -74      -1957
20151030        556      -1401
20151130        171      -1230
20151231        -32      -1262
20160129       -302      -1564
20160229       -259      -1823
20160331         57      -1766
20160428       -201      -1967
------------------------------
------------------------------
Sys Name : KeltChanStocks
Mkt Symb : qqq.csv
Profit/Loss : -1919.0
Num Trades : 32
Percent Wins : 1.375
Avg Win  : 56.16
Avg Loss : -219.5
Avg Trade: -59.97
MAX DrawDown: 2847.0
------------------------------
20120531         45         45
20120629       -162       -117
20120731       -479       -596
20120831        206       -390
20120928         41       -349
20121031        165       -184
20121130       -106       -290
20121231          0       -290
20130131        -33       -323
20130228        -50       -373
20130328         29       -344
20130430       -321       -665
20130531        253       -412
20130628       -234       -646
20130731       -112       -758
20130830        -73       -831
20130930        105       -726
20131031        124       -602
20131129        294       -308
20131231        223        -85
20140131       -350       -435
20140228         78       -357
20140331       -222       -579
20140430       -102       -681
20140530         77       -604
20140630        260       -344
20140731        111       -233
20140829        232         -1
20140930       -214       -215
20141031       -135       -350
20141128        461        111
20141231       -887       -776
20150130       -406      -1182
20150227        240       -942
20150331       -304      -1246
20150430       -291      -1537
20150529       -155      -1692
20150630       -234      -1926
20150731       -256      -2182
20150831         86      -2096
20150930        255      -1841
20151030        -22      -1863
20151130         69      -1794
20151231       -790      -2584
20160129        537      -2047
20160229         47      -2000
20160331        253      -1747
20160428       -172      -1919
------------------------------
------------------------------
Sys Name : KeltChanStocks
Mkt Symb : slv.csv
Profit/Loss : 666.0
Num Trades : 24
Percent Wins : 1.417
Avg Win  : 56.21
Avg Loss : -89.64
Avg Trade: 27.75
MAX DrawDown: 711.0
------------------------------
20120531         38         38
20120629         31         69
20120731        -97        -28
20120831        284        256
20120928        269        525
20121031       -251        274
20121130       -165        109
20121231        -19         90
20130131       -154        -64
20130228        129         65
20130328         11         76
20130430        397        473
20130531        202        675
20130628        247        922
20130731        -17        905
20130830        142       1047
20130930       -317        730
20131031       -155        575
20131129         76        651
20131231         53        704
20140131        -81        623
20140228        -30        593
20140331        -68        525
20140430         58        583
20140530        -44        539
20140630         42        581
20140731        -77        504
20140829         34        538
20140930        236        774
20141031         85        859
20141128         68        927
20141231       -160        767
20150130        -41        726
20150227        -61        665
20150331        -61        604
20150430          0        604
20150529        -66        538
20150630        -15        523
20150731         95        618
20150831       -109        509
20150930        -33        476
20151030         -9        467
20151130         32        499
20151231         25        524
20160129        -53        471
20160229         25        496
20160331         13        509
20160429        157        666
------------------------------
------------------------------
Sys Name : KeltChanStocks
Mkt Symb : spy.csv
Profit/Loss : -4785.0
Num Trades : 31
Percent Wins : 1.29
Avg Win  : 115.4
Avg Loss : -427.77
Avg Trade: -154.35
MAX DrawDown: 7567.0
------------------------------
20120531         50         50
20120629       -303       -253
20120731         34       -219
20120831        345        126
20120928        281        407
20121031        -72        335
20121130        -87        248
20121231       -544       -296
20130131        364         68
20130228        191        259
20130328        506        765
20130430       -225        540
20130531        377        917
20130628       -330        587
20130731       -308        279
20130830       -330        -51
20130930       -714       -765
20131031        323       -442
20131129        516         74
20131231        374        448
20140131       -519        -71
20140228       -343       -414
20140331         72       -342
20140430       -749      -1091
20140530        116       -975
20140630        304       -671
20140731       -273       -944
20140829       -316      -1260
20140930       -447      -1707
20141031       -218      -1925
20141128        554      -1371
20141231      -1538      -2909
20150130      -1336      -4245
20150227         53      -4192
20150331       -578      -4770
20150430          0      -4770
20150529       -236      -5006
20150630       -154      -5160
20150731       -493      -5653
20150831        630      -5023
20150930        604      -4419
20151030       -210      -4629
20151130         76      -4553
20151231      -1691      -6244
20160129        730      -5514
20160229       -116      -5630
20160331        652      -4978
20160428        193      -4785
------------------------------
------------------------------
Sys Name : KeltChanStocks
Mkt Symb : twtr.csv
Profit/Loss : 5071.0
Num Trades : 10
Percent Wins : 1.9
Avg Win  : 275.05
Avg Loss : -165.0
Avg Trade: 507.1
MAX DrawDown: 3153.0
------------------------------
20131129         -8         -8
20131231       2208       2200
20140131         85       2285
20140228      -1945        340
20140331        824       1164
20140430        770       1934
20140530        653       2587
20140630       -238       2349
20140731        422       2771
20140829        456       3227
20140930        183       3410
20141031        -88       3322
20141128        -27       3295
20141231        587       3882
20150130       -299       3583
20150227        682       4265
20150331        200       4465
20150430       -460       4005
20150529        229       4234
20150630         45       4279
20150731        -37       4242
20150831        322       4564
20150930         85       4649
20151030       -268       4381
20151130        -50       4331
20151231        226       4557
20160129        634       5191
20160229       -142       5049
20160331          0       5049
20160428         22       5071
------------------------------
------------------------------
Sys Name : KeltChanStocks
Mkt Symb : uso.csv
Profit/Loss : 1506.0
Num Trades : 15
Percent Wins : 1.4
Avg Win  : 114.86
Avg Loss : -101.78
Avg Trade: 100.4
MAX DrawDown: 652.0
------------------------------
20131129         46         46
20131231       -151       -105
20140131       -228       -333
20140228        110       -223
20140331       -149       -372
20140430       -116       -488
20140530        -30       -518
20140630        120       -398
20140731          5       -393
20140829         55       -338
20140930         14       -324
20141031        314        -10
20141128        505        495
20141231        522       1017
20150130        254       1271
20150227       -175       1096
20150331       -196        900
20150430         80        980
20150529       -113        867
20150630          0        867
20150731        351       1218
20150831        -40       1178
20150930          0       1178
20151030       -111       1067
20151130         83       1150
20151231        193       1343
20160129        135       1478
20160229         65       1543
20160331        -66       1477
20160429         29       1506
------------------------------
------------------------------
Sys Name : KeltChanStocks
Mkt Symb : vxx.csv
Profit/Loss : -1123.0
Num Trades : 17
Percent Wins : 1.353
Avg Win  : 115.65
Avg Loss : -344.82
Avg Trade: -66.06
MAX DrawDown: 2931.0
------------------------------
20131129        320        320
20131231        287        607
20140131       -224        383
20140228       -580       -197
20140331          0       -197
20140430          0       -197
20140530        604        407
20140630        492        899
20140731       -304        595
20140829       -276        319
20140930          0        319
20141031       -149        170
20141128         -9        161
20141231       -853       -692
20150130       -268       -960
20150227       -528      -1488
20150331        199      -1289
20150430        379       -910
20150529        282       -628
20150630       -139       -767
20150731       -302      -1069
20150831        443       -626
20150930       -122       -748
20151030       -202       -950
20151130       -323      -1273
20151231       -408      -1681
20160129         52      -1629
20160229        -25      -1654
20160331        397      -1257
20160428        134      -1123
------------------------------
