Testing from : 20000420 to: 20160401
---------------------------------------------------------------------------------
SysName         Market TotProfit  MaxDD ClsTrdDD AvgWin AvgLoss PerWins TotTrades
KeltnerChanSys  TY          3387  23508   19502    628   -1233    1.34        93
KeltnerChanSys  AD         21369  27210   23780   1028   -1702    1.33        90
KeltnerChanSys  C2          3612  23437   20637    545    -942    1.29       100
KeltnerChanSys  CL         75539  87790   79270   1886   -2418    1.28       109
KeltnerChanSys  DX         13669  19965   17450    719   -1375    1.38        91
KeltnerChanSys  QM         45699  50862   45425   1184   -1801    1.40        81
KeltnerChanSys  S2         48637  23275   17400   1278   -1880    1.38        82
---------------------------------------------------------------------------------
Totals                    211916 165284
-------------------------------------------------------------------
Combined Monthly Return
Date         Profit Cum.Profit
-------------------------------------------------------------------
20000428          0          0
20000531       1203       1203
20000630       6041       7244
20000731      -2661       4582
20000831        547       5130
20000929       1242       6372
20001031        -38       6334
20001130      -5902        432
20001229       7209       7642
20010131      -9972      -2330
20010228      -1045      -3375
20010330       7663       4288
20010430      -8625      -4337
20010531      -1798      -6136
20010629      -1536      -7672
20010731      -1738      -9410
20010831       3222      -6188
20010928       -889      -7077
20011031       1925      -5152
20011130      -2196      -7348
20011231      -2420      -9767
20020131       -656     -10423
20020228      -1035     -11458
20020328       3358      -8100
20020430      -2092     -10193
20020531       3147      -7046
20020628       7791        745
20020731       1740       2485
20020830       3678       6163
20020930       5893      12055
20021031      -5615       6440
20021129       6563      13003
20021231        763      13766
20030131       2124      15890
20030228      12003      27893
20030331     -15921      11972
20030430       8287      20259
20030530       6926      27185
20030630       2187      29372
20030731       9409      38781
20030829       -332      38449
20030930       2604      41053
20031031      -1578      39475
20031128      -5145      34330
20031231       6342      40672
20040130       2891      43563
20040227       6019      49583
20040331        -69      49514
20040430      -5102      44411
20040528       5576      49987
20040630      -8003      41984
20040730       -351      41633
20040831      -1628      40005
20040930       3087      43092
20041029       8150      51243
20041130      -2455      48788
20041231      -1126      47662
20050131      -2055      45607
20050228       -760      44847
20050331        747      45593
20050429      -5117      40476
20050531       3827      44304
20050630     -10803      33500
20050729      -3381      30120
20050831       7323      37443
20050930     -10374      27068
20051031      -1225      25843
20051130       6334      32178
20051230     -12391      19787
20060131       2657      22444
20060228      -9845      12600
20060331      -2952       9647
20060428       4898      14545
20060531      -5389       9157
20060630      -6745       2412
20060731      -8822      -6410
20060831       1206      -5204
20060929      13073       7869
20061031      12347      20216
20061130       4824      25040
20061229      -5226      19813
20070131        452      20265
20070228      -2223      18042
20070330      -2563      15479
20070430        159      15638
20070531      -4133      11505
20070629       3097      14602
20070731      12011      26613
20070831     -15984      10629
20070928      13379      24008
20071031      25639      49647
20071130      -4198      45449
20071231       4127      49577
20080131      -4699      44877
20080229      18387      63264
20080331     -11113      52151
20080430       9201      61352
20080530      23631      84984
20080630      25082     110066
20080731     -24664      85402
20080829      25757     111160
20080930      41381     152540
20081031      74903     227443
20081128      31677     259120
20081231      20856     279976
20090130       4706     284682
20090227      -2932     281750
20090331     -14870     266881
20090430      -1820     265061
20090529      29222     294284
20090630       4689     298972
20090731     -25236     273737
20090831       -852     272884
20090930      -3482     269403
20091030      -4404     264999
20091130       3046     268044
20091231     -12350     255694
20100129      -3638     252056
20100226     -14738     237318
20100331      -5489     231830
20100430      -7481     224349
20100531      19218     243566
20100630      -5766     237801
20100730       7823     245624
20100831      -3115     242509
20100930       5179     247688
20101029      10972     258660
20101130      -5046     253614
20101231       7872     261486
20110131     -11798     249689
20110228     -11569     238120
20110331       5684     243804
20110429      18376     262180
20110531     -34412     227769
20110630       4379     232148
20110729      -8784     223364
20110831      -6138     217225
20110930       7557     224782
20111031     -26247     198535
20111130       1300     199836
20111230      -9990     189846
20120131      -5695     184151
20120229       7686     191837
20120330      -9162     182676
20120430      -4519     178157
20120531      21680     199837
20120629      -8008     191829
20120731      11111     202940
20120831       9060     212000
20120928     -17915     194085
20121031       -977     193107
20121130        538     193645
20121231      -4028     189618
20130131       3905     193523
20130228      -8428     185095
20130328      -9886     175210
20130430      -9458     165752
20130531       6943     172695
20130628       2104     174799
20130731       7363     182161
20130830     -12197     169965
20130930      -9037     160927
20131031       8623     169550
20131129       3110     172660
20131231      -8624     164036
20140131     -12048     151988
20140228       7829     159817
20140331      -2444     157373
20140430      -1892     155480
20140530      -6294     149187
20140630       8312     157499
20140731      -1878     155622
20140829       4516     160138
20140930      15963     176101
20141031       5514     181615
20141128      21120     202735
20141231      21940     224675
20150130      20784     245459
20150227     -13325     232134
20150331      -7712     224422
20150430      -4779     219643
20150529      -9026     210617
20150630       5141     215758
20150731       2618     218376
20150831      -1857     216519
20150930      -3701     212819
20151030     -13979     198839
20151130       3671     202510
20151231        886     203396
20160129       7487     210883
20160229       1136     212019
20160331       1993     214012
20160401      -2095     211917
