------------------------------
Sys Name : KeltnerChanSys
Mkt Symb : TY
Profit/Loss : 3387.0
Num Trades : 93
Percent Wins : 1.344
Avg Win  : 628.9
Avg Loss : -1233.2
Avg Trade: 36.42
MAX DrawDown: 23509.0
------------------------------
20000531      -1100      -1100
20000630        469       -631
20000731        406       -225
20000831       1250       1025
20000929       -678        347
20001031       -235        112
20001130        603        715
20001229       1829       2544
20010131       -679       1865
20010228          0       1865
20010330         63       1928
20010430       -725       1203
20010531         94       1297
20010629      -2201       -904
20010731       1297        393
20010831       1094       1487
20010928       2281       3768
20011031       2735       6503
20011130      -4008       2495
20011231       1813       4308
20020131       -991       3317
20020228          0       3317
20020328       1078       4395
20020430      -1600       2795
20020531       1172       3967
20020628       1953       5920
20020731       3375       9295
20020830       2563      11858
20020930       4125      15983
20021031      -2710      13273
20021129          0      13273
20021231        938      14211
20030131      -2959      11252
20030228       2593      13845
20030331      -3246      10599
20030430          0      10599
20030530       2563      13162
20030630      -1350      11812
20030731       5704      17516
20030829       -907      16609
20030930        744      17353
20031031      -3506      13847
20031128          0      13847
20031231          0      13847
20040130       -484      13363
20040227       1937      15300
20040331       1531      16831
20040430       -130      16701
20040528        656      17357
20040630       -241      17116
20040730       1047      18163
20040831       2797      20960
20040930        312      21272
20041029       -787      20485
20041130          0      20485
20041231      -1756      18729
20050131          0      18729
20050228      -1475      17254
20050331        609      17863
20050429       -584      17279
20050531       1422      18701
20050630      -1428      17273
20050729        -38      17235
20050831       -240      16995
20050930      -1569      15426
20051031       1110      16536
20051130       -928      15608
20051230       -188      15420
20060131       -678      14742
20060228        188      14930
20060331       1515      16445
20060428        813      17258
20060531       -241      17017
20060630       -735      16282
20060731       -287      15995
20060831       1391      17386
20060929        688      18074
20061031       -913      17161
20061130       -866      16295
20061229       -959      15336
20070131        719      16055
20070228      -1085      14970
20070330       -468      14502
20070430      -1341      13161
20070531        657      13818
20070629        672      14490
20070731        821      15311
20070831       2063      17374
20070928        234      17608
20071031      -1163      16445
20071130       3907      20352
20071231      -1710      18642
20080131       2328      20970
20080229      -1193      19777
20080331       1672      21449
20080430      -2959      18490
20080530       1859      20349
20080630      -1350      18999
20080731      -2319      16680
20080829        297      16977
20080930       -459      16518
20081031      -3100      13418
20081128       4422      17840
20081231       4781      22621
20090130      -1709      20912
20090227        406      21318
20090331      -3147      18171
20090430      -1850      16321
20090529       1625      17946
20090630        734      18680
20090731      -3778      14902
20090831          0      14902
20090930        281      15183
20091030       -834      14349
20091130       1078      15427
20091231      -1585      13842
20100129      -2053      11789
20100226         47      11836
20100331      -2194       9642
20100430       -428       9214
20100528       2765      11979
20100630       2672      14651
20100730       1266      15917
20100831       2687      18604
20100930      -2491      16113
20101029       -928      15185
20101130      -2193      12992
20101231       3672      16664
20110131       -585      16079
20110228      -2209      13870
20110331      -1156      12714
20110429       -366      12348
20110531       2891      15239
20110630       -381      14858
20110729       1141      15999
20110831       4344      20343
20110930       1062      21405
20111031      -2147      19258
20111130      -1287      17971
20111230        -47      17924
20120131       -740      17184
20120229      -1569      15615
20120330       -719      14896
20120430       -974      13922
20120531       2625      16547
20120629       -563      15984
20120731       1281      17265
20120831      -2560      14705
20120928          0      14705
20121031          0      14705
20121130         78      14783
20121231      -1850      12933
20130131       1500      14433
20130228       -725      13708
20130328      -1303      12405
20130430       1375      13780
20130531       -397      13383
20130628       2656      16039
20130731        125      16164
20130830      -1209      14955
20130930       -975      13980
20131031        968      14948
20131129      -1350      13598
20131231       1171      14769
20140131      -1506      13263
20140228        359      13622
20140331      -1084      12538
20140430      -1225      11313
20140530       1219      12532
20140630      -1600      10932
20140731          0      10932
20140829        406      11338
20140930      -1537       9801
20141031       -991       8810
20141128       -350       8460
20141231      -1647       6813
20150130       3109       9922
20150227      -2615       7307
20150331      -2600       4707
20150430       -959       3748
20150529       -891       2857
20150630       1516       4373
20150731       -694       3679
20150831       -187       3492
20150930       -538       2954
20151030       -632       2322
20151130        -94       2228
20151231       -819       1409
20160129       2172       3581
20160229       1328       4909
20160331      -1522       3387
20160401          0       3387
------------------------------
------------------------------
Sys Name : KeltnerChanSys
Mkt Symb : AD
Profit/Loss : 21370.0
Num Trades : 90
Percent Wins : 1.333
Avg Win  : 1028.25
Avg Loss : -1702.0
Avg Trade: 237.44
MAX DrawDown: 27210.0
------------------------------
20000531       1310       1310
20000630      -2140       -830
20000731      -1090      -1920
20000831      -2000      -3920
20000929       3470       -450
20001031       2050       1600
20001130       -470       1130
20001229       1460       2590
20010131      -1610        980
20010228        740       1720
20010330       4110       5830
20010430      -2510       3320
20010531      -1380       1940
20010629          0       1940
20010731          0       1940
20010831        100       2040
20010928       -560       1480
20011031      -2610      -1130
20011130        270       -860
20011231      -1200      -2060
20020131          0      -2060
20020228          0      -2060
20020328       1120       -940
20020430        550       -390
20020531       3010       2620
20020628       -210       2410
20020731         50       2460
20020830      -1480        980
20020930          0        980
20021031         10        990
20021129        570       1560
20021231        -80       1480
20030131       1190       2670
20030228       2240       4910
20030331      -1590       3320
20030430       1350       4670
20030530       2890       7560
20030630       1980       9540
20030731      -1570       7970
20030829          0       7970
20030930       1450       9420
20031031       2970      12390
20031128       1830      14220
20031231       3060      17280
20040130       1420      18700
20040227       1250      19950
20040331      -4010      15940
20040430          0      15940
20040528      -1050      14890
20040630       1030      15920
20040730      -2410      13510
20040831          0      13510
20040930      -1640      11870
20041029       2200      14070
20041130       2680      16750
20041231      -1750      15000
20050131          0      15000
20050228        690      15690
20050331      -2060      13630
20050429          0      13630
20050531        -80      13550
20050630      -3320      10230
20050729      -2550       7680
20050831          0       7680
20050930      -1720       5960
20051031          0       5960
20051130        460       6420
20051230      -3650       2770
20060131       -460       2310
20060228      -1640        670
20060331       1600       2270
20060428       -280       1990
20060531       -720       1270
20060630      -1270         -0
20060731       -520       -520
20060831      -1080      -1600
20060929          0      -1600
20061031         40      -1560
20061130       1530        -30
20061229        -50        -80
20070131      -1470      -1550
20070228      -1540      -3090
20070330       -550      -3640
20070430       2230      -1410
20070531       -760      -2170
20070629        630      -1540
20070731        450      -1090
20070831       1800        710
20070928       -320        390
20071031       4550       4940
20071130      -4160        780
20071231      -1520       -740
20080131       -780      -1520
20080229       3010       1490
20080331      -3310      -1820
20080430       -210      -2030
20080530       1340       -690
20080630      -2160      -2850
20080731      -2020      -4870
20080829       6960       2090
20080930       5250       7340
20081031      12300      19640
20081128       1010      20650
20081231      -5060      15590
20090130      -3100      12490
20090227      -3100       9390
20090331        950      10340
20090430       3490      13830
20090529       7080      20910
20090630       1020      21930
20090731      -3400      18530
20090831       1030      19560
20090930       4120      23680
20091030       1950      25630
20091130        730      26360
20091231      -1860      24500
20100129      -1240      23260
20100226      -3100      20160
20100331        140      20300
20100430         30      20330
20100528       3430      23760
20100630      -2700      21060
20100730       1080      22140
20100831      -1840      20300
20100930       5290      25590
20101029       1560      27150
20101130       -210      26940
20101231        600      27540
20110131      -3700      23840
20110228          0      23840
20110331        960      24800
20110429       6400      31200
20110531      -4250      26950
20110630          0      26950
20110729       1490      28440
20110831      -7690      20750
20110930       4130      24880
20111031      -6290      18590
20111130      -4930      13660
20111230          0      13660
20120131       2140      15800
20120229       1790      17590
20120330      -2330      15260
20120430      -1570      13690
20120531       3550      17240
20120629      -3680      13560
20120731       2990      16550
20120831      -1340      15210
20120928      -2150      13060
20121031      -1980      11080
20121130       -370      10710
20121231       -100      10610
20130131      -1790       8820
20130228        770       9590
20130328      -2230       7360
20130430       -920       6440
20130531       5930      12370
20130628       3920      16290
20130731       1290      17580
20130830      -2250      15330
20130930        260      15590
20131031       1520      17110
20131129        250      17360
20131231       1550      18910
20140131       -880      18030
20140228      -1970      16060
20140331       1900      17960
20140430        420      18380
20140530       -390      17990
20140630        140      18130
20140731       -900      17230
20140829          0      17230
20140930       4360      21590
20141031       -720      20870
20141128        200      21070
20141231       2620      23690
20150130       3600      27290
20150227       -420      26870
20150331        150      27020
20150430       -970      26050
20150529      -1840      24210
20150630          0      24210
20150731       1920      26130
20150831       1580      27710
20150930      -1750      25960
20151030      -4060      21900
20151130          0      21900
20151231      -2400      19500
20160129       -800      18700
20160229      -1220      17480
20160331       3870      21350
20160401         20      21370
------------------------------
------------------------------
Sys Name : KeltnerChanSys
Mkt Symb : C2
Profit/Loss : 3612.5
Num Trades : 100
Percent Wins : 1.29
Avg Win  : 545.83
Avg Loss : -942.25
Avg Trade: 36.12
MAX DrawDown: 23437.5
------------------------------
20000531        -38        -38
20000630       1912       1875
20000731        762       2638
20000831       -312       2325
20000929          0       2325
20001031        338       2662
20001130       -125       2538
20001229        150       2688
20010131       -262       2425
20010228       -275       2150
20010330        200       2350
20010430        150       2500
20010531        738       3238
20010629        175       3412
20010731        -25       3388
20010831       -362       3025
20010928        200       3225
20011031        450       3675
20011130       -888       2788
20011231        -12       2775
20020131       -375       2400
20020228        275       2675
20020328        250       2925
20020430        438       3362
20020531      -1425       1938
20020628        -62       1875
20020731        650       2525
20020830        575       3100
20020930        -25       3075
20021031        200       3275
20021129        362       3638
20021231       -162       3475
20030131       -500       2975
20030228          0       2975
20030331       -438       2538
20030430       -588       1950
20030530       -162       1788
20030630        225       2012
20030731        588       2600
20030829       -388       2212
20030930       -838       1375
20031031       -488        888
20031128       -162        725
20031231       -350        375
20040130        538        912
20040227       1000       1912
20040331        850       2762
20040430      -1150       1612
20040528       -262       1350
20040630       -450        900
20040730       2075       2975
20040831      -1038       1938
20040930        838       2775
20041029        150       2925
20041130       -212       2712
20041230        -50       2662
20050131       -288       2375
20050228        125       2500
20050331       -700       1800
20050429       -600       1200
20050531      -1000        200
20050630      -1250      -1050
20050729       -950      -2000
20050831        338      -1662
20050930        550      -1112
20051031        462       -650
20051130        400       -250
20051230       -300       -550
20060131       -600      -1150
20060228        450       -700
20060331      -1462      -2162
20060428       -650      -2812
20060531       -350      -3162
20060630       -350      -3512
20060731      -1500      -5012
20060831       -312      -5325
20060929        175      -5150
20061031       2912      -2238
20061130       2738        500
20061229      -1338       -838
20070131       -825      -1662
20070228        938       -725
20070330        162       -562
20070430        938        375
20070531      -2688      -2312
20070629      -1088      -3400
20070731        425      -2975
20070831       -425      -3400
20070928       -175      -3575
20071031      -1312      -4888
20071130        -50      -4938
20071231       2700      -2238
20080131       2288         50
20080229       2112       2162
20080331      -1562        600
20080430        738       1338
20080530       -900        438
20080630       4025       4462
20080731      -1712       2750
20080829       1125       3875
20080930       4875       8750
20081031       4300      13050
20081128       2600      15650
20081231      -1512      14138
20090130      -3100      11038
20090227        -62      10975
20090331      -1412       9562
20090430      -1525       8038
20090529        438       8475
20090630        288       8762
20090731        888       9650
20090831        988      10638
20090930       -938       9700
20091030        388      10088
20091130        400      10488
20091231          0      10488
20100129       1225      11712
20100226      -1175      10538
20100331        500      11038
20100430      -1138       9900
20100528          0       9900
20100630       -725       9175
20100730       -125       9050
20100831       1625      10675
20100930       2825      13500
20101029       4312      17812
20101130      -2500      15312
20101231       1000      16312
20110131       1525      17838
20110228       3038      20875
20110331      -5612      15262
20110429       -575      14688
20110531      -1738      12950
20110630       1175      14125
20110729      -3325      10800
20110831       2650      13450
20110930       -550      12900
20111031      -2725      10175
20111130      -1012       9162
20111230      -1362       7800
20120131      -2450       5350
20120229          0       5350
20120330      -2638       2712
20120430      -2012        700
20120531       -562        138
20120629       -375       -238
20120731       8525       8288
20120831       -275       8012
20120928       -962       7050
20121031        -75       6975
20121130          0       6975
20121231       1100       8075
20130131      -1388       6688
20130228          0       6688
20130328      -1962       4725
20130430      -1338       3388
20130531       -700       2688
20130628          0       2688
20130731      -1562       1125
20130830      -1175        -50
20130930          0        -50
20131031        538        488
20131129        500        988
20131231       -700        288
20140131      -1138       -850
20140228        712       -138
20140331       1925       1788
20140430        550       2338
20140530       -500       1838
20140630       2312       4150
20140731       2912       7062
20140829        112       7175
20140930       2200       9375
20141031       -512       8862
20141128        -50       8812
20141231        412       9225
20150130         25       9250
20150227       -762       8488
20150331      -1050       7438
20150430        512       7950
20150529        738       8688
20150630       1000       9688
20150731      -2725       6962
20150831        300       7262
20150930       -688       6575
20151030      -1062       5512
20151130         12       5525
20151231       -550       4975
20160129       -550       4425
20160229          0       4425
20160331       -688       3738
20160401       -125       3612
------------------------------
------------------------------
Sys Name : KeltnerChanSys
Mkt Symb : CL
Profit/Loss : 75540.0
Num Trades : 109
Percent Wins : 1.284
Avg Win  : 1886.36
Avg Loss : -2418.59
Avg Trade: 693.03
MAX DrawDown: 87790.0
------------------------------
20000428          0          0
20000531       1030       1030
20000630       5800       6830
20000731      -2740       4090
20000831       1610       5700
20000929      -1550       4150
20001031      -3100       1050
20001130      -1170       -120
20001229       -370       -490
20010131      -4880      -5370
20010228       -250      -5620
20010330        390      -5230
20010430      -2290      -7520
20010531      -2030      -9550
20010629        230      -9320
20010731      -2310     -11630
20010831      -1460     -13090
20010928      -2760     -15850
20011031       2540     -13310
20011130       2130     -11180
20011231      -1690     -12870
20020131          0     -12870
20020228          0     -12870
20020328       3570      -9300
20020430      -2940     -12240
20020531      -3100     -15340
20020628          0     -15340
20020731       -860     -16200
20020830        -50     -16250
20020930       1230     -15020
20021031      -1240     -16260
20021127       -570     -16830
20021231       2820     -14010
20030131       3160     -10850
20030228       4540      -6310
20030331      -5940     -12250
20030430       3230      -9020
20030530      -1810     -10830
20030630       2220      -8610
20030731        860      -7750
20030829       1040      -6710
20030930      -2360      -9070
20031031      -4400     -13470
20031126      -1670     -15140
20031231       -580     -15720
20040130       1440     -14280
20040227       -190     -14470
20040331        160     -14310
20040430      -1580     -15890
20040528       2580     -13310
20040630      -2300     -15610
20040730      -1390     -17000
20040831       -700     -17700
20040930       1290     -16410
20041029       2820     -13590
20041130      -4570     -18160
20041230       6010     -12150
20050131      -5310     -17460
20050228        330     -17130
20050331       3140     -13990
20050429      -3390     -17380
20050531       -370     -17750
20050630      -3660     -21410
20050729        320     -21090
20050831       4500     -16590
20050930      -5700     -22290
20051031      -2840     -25130
20051130       3010     -22120
20051230      -3440     -25560
20060131       4260     -21300
20060228      -5100     -26400
20060331      -2930     -29330
20060428       2200     -27130
20060531      -2570     -29700
20060630          0     -29700
20060731      -3100     -32800
20060831        760     -32040
20060929       7860     -24180
20061031       5830     -18350
20061130      -1520     -19870
20061229          0     -19870
20070131       1510     -18360
20070228      -1670     -20030
20070330       -160     -20190
20070430      -2940     -23130
20070531          0     -23130
20070629       1060     -22070
20070731       7280     -14790
20070831      -9350     -24140
20070928       5250     -18890
20071031      14300      -4590
20071130      -4560      -9150
20071231          0      -9150
20080131      -3100     -12250
20080229       2140     -10110
20080331        660      -9450
20080430      12730       3280
20080530      14220      17500
20080630      11980      29480
20080731      -8600      20880
20080829       5960      26840
20080930      13020      39860
20081031      33110      72970
20081128      13860      86830
20081231      14380     101210
20090130      11060     112270
20090227        530     112800
20090331      -3820     108980
20090430      -3100     105880
20090529       7120     113000
20090630       3110     116110
20090731      -9040     107070
20090831          0     107070
20090930      -3100     103970
20091030       -930     103040
20091130      -1670     101370
20091231      -3100      98270
20100129      -3100      95170
20100226      -6200      88970
20100331      -3100      85870
20100430      -3100      82770
20100528       9290      92060
20100630      -3660      88400
20100730          0      88400
20100831      -1920      86480
20100930      -4280      82200
20101029       -870      81330
20101130        810      82140
20101231       1610      83750
20110131      -5920      77830
20110228      -4230      73600
20110331       8970      82570
20110429       6640      89210
20110531     -20430      68780
20110630       -240      68540
20110729      -2860      65680
20110831      -2030      63650
20110930      -1070      62580
20111031      -6970      55610
20111130       3850      59460
20111230      -5510      53950
20120131          0      53950
20120229        820      54770
20120330      -3920      50850
20120430      -3100      47750
20120531      12250      60000
20120629       1890      61890
20120731      -5900      55990
20120831       4780      60770
20120928      -6800      53970
20121031      -4680      49290
20121130      -2720      46570
20121231          0      46570
20130131       5190      51760
20130228      -2810      48950
20130328      -3100      45850
20130430      -3100      42750
20130531          0      42750
20130628          0      42750
20130731       5660      48410
20130830      -4210      44200
20130930          0      44200
20131031       3300      47500
20131129       4210      51710
20131231      -5480      46230
20140131      -5300      40930
20140228       3040      43970
20140331      -4700      39270
20140430      -3100      36170
20140530      -1360      34810
20140630       3040      37850
20140731      -5040      32810
20140829       -450      32360
20140930       1560      33920
20141031       6080      40000
20141128      14420      54420
20141231      13130      67550
20150130       5470      73020
20150227      -4910      68110
20150331      -3100      65010
20150430       1660      66670
20150529      -3030      63640
20150630          0      63640
20150731       5700      69340
20150831      -1680      67660
20150930          0      67660
20151030      -3100      64560
20151130       1300      65860
20151231       5930      71790
20160129       4390      76180
20160229       1930      78110
20160331      -1020      77090
20160401      -1550      75540
------------------------------
------------------------------
Sys Name : KeltnerChanSys
Mkt Symb : DX
Profit/Loss : 13670.0
Num Trades : 91
Percent Wins : 1.385
Avg Win  : 719.05
Avg Loss : -1375.54
Avg Trade: 150.22
MAX DrawDown: 19965.0
------------------------------
20000929          0          0
20001031        910        910
20001130      -4740      -3830
20001229       4140        310
20010131      -2540      -2230
20010228      -1260      -3490
20010330       2900       -590
20010430      -3250      -3840
20010531        780      -3060
20010629        260      -2800
20010731       -700      -3500
20010831       3850        350
20010928        -50        300
20011031      -1190       -890
20011130        300       -590
20011231      -1330      -1920
20020131        710      -1210
20020228      -1310      -2520
20020328      -2660      -5180
20020430       1460      -3720
20020531       3490       -230
20020628       5860       5630
20020731      -1150       4480
20020830         20       4500
20020930          0       4500
20021031          0       4500
20021129       -740       3760
20021231       3600       7360
20030131       2120       9480
20030228        330       9810
20030331      -2220       7590
20030430        820       8410
20030530       4070      12480
20030630      -1200      11280
20030731       1240      12520
20030829        960      13480
20030930        370      13850
20031031        320      14170
20031128       -960      13210
20031231       3430      16640
20040130       -660      15980
20040227      -2140      13840
20040331      -1500      12340
20040430        120      12460
20040528      -3510       8950
20040630        320       9270
20040730       -560       8710
20040831          0       8710
20040930          0       8710
20041029       2530      11240
20041130       3160      14400
20041231        930      15330
20050131      -1880      13450
20050228      -1330      12120
20050331      -2080      10040
20050429        370      10410
20050531       3380      13790
20050630       1280      15070
20050729        250      15320
20050831       -600      14720
20050930       -310      14410
20051031        580      14990
20051130       1580      16570
20051230      -1300      15270
20060131        760      16030
20060228      -1030      15000
20060331          0      15000
20060428       2640      17640
20060531       1230      18870
20060630      -2890      15980
20060731      -1790      14190
20060831      -1190      13000
20060929          0      13000
20061031       -960      12040
20061130       1680      13720
20061229      -1380      12340
20070131       -420      11920
20070228       -590      11330
20070330        540      11870
20070430       1360      13230
20070531       -980      12250
20070629       -840      11410
20070731        510      11920
20070831      -1660      10260
20070928       2115      12375
20071031       1165      13540
20071130        290      13830
20071231      -1130      12700
20080131       -935      11765
20080229       -895      10870
20080331       1990      12860
20080430       -710      12150
20080530          0      12150
20080630          0      12150
20080731          0      12150
20080829       3090      15240
20080930      -1755      13485
20081031       5705      19190
20081128        360      19550
20081231       -270      19280
20090130      -2945      16335
20090227       1245      17580
20090331      -2240      15340
20090430      -1185      14155
20090529       3210      17365
20090630       -300      17065
20090731       -680      16385
20090831        230      16615
20090930       1605      18220
20091030        385      18605
20091130       -805      17800
20091231      -1005      16795
20100129       1430      18225
20100226        790      19015
20100331      -1560      17455
20100430      -1245      16210
20100531       4680      20890
20100630      -1200      19690
20100730       3015      22705
20100831      -1605      21100
20100930       1735      22835
20101029       1485      24320
20101130        510      24830
20101231      -1960      22870
20110131        945      23815
20110228        945      24760
20110331       1135      25895
20110429       2965      28860
20110531      -2510      26350
20110630          0      26350
20110729       -405      25945
20110831      -1425      24520
20110930       2510      27030
20111031      -3565      23465
20111130      -3145      20320
20111230       1380      21700
20120131       -620      21080
20120229        620      21700
20120330      -1230      20470
20120430          0      20470
20120531       2380      22850
20120629      -2005      20845
20120731      -1385      19460
20120831        280      19740
20120928       1335      21075
20121031       -155      20920
20121130       -550      20370
20121231       -215      20155
20130131       -745      19410
20130228        850      20260
20130328        935      21195
20130430       -950      20245
20130531      -2015      18230
20130628      -2385      15845
20130731      -1875      13970
20130830      -1215      12755
20130930         40      12795
20131031         60      12855
20131129      -1375      11480
20131231       -515      10965
20140131          0      10965
20140228          0      10965
20140331       -585      10380
20140430          0      10380
20140530      -1150       9230
20140630       -330       8900
20140731        400       9300
20140829       1260      10560
20140930       3105      13665
20141031        970      14635
20141128       1400      16035
20141231       1975      18010
20150130       4355      22365
20150227        320      22685
20150331       2925      25610
20150430      -3235      22375
20150529      -2790      19585
20150630          0      19585
20150731       -720      18865
20150831      -2095      16770
20150930       -500      16270
20151030      -2825      13445
20151130       3190      16635
20151231      -2675      13960
20160129          0      13960
20160229      -1790      12170
20160331       1540      13710
20160401        -40      13670
------------------------------
------------------------------
Sys Name : KeltnerChanSys
Mkt Symb : QM
Profit/Loss : 45700.0
Num Trades : 81
Percent Wins : 1.395
Avg Win  : 1184.85
Avg Loss : -1801.79
Avg Trade: 564.2
MAX DrawDown: 50862.5
------------------------------
20020628        250        250
20020731         75        325
20020830       1637       1962
20020930        613       2575
20021031       -225       2350
20021127       -400       1950
20021231       1775       3725
20030131       1625       5350
20030228       2300       7650
20030331      -2487       5162
20030430       1625       6787
20030530       -488       6300
20030630       1013       7312
20030731        638       7950
20030829        512       8462
20030930      -1175       7287
20031031      -2338       4950
20031126       -462       4487
20031231        188       4675
20040130        800       5475
20040227        762       6237
20040331         25       6263
20040430       -738       5525
20040528       1237       6762
20040630      -1187       5575
20040730       -350       5225
20040831       -412       4813
20040930       1450       6263
20041029       1375       7638
20041130      -2387       5250
20041230       2987       8238
20050131      -1875       6363
20050228      -1400       4963
20050331       1563       6525
20050429       -250       6275
20050531       -213       6063
20050630      -1700       4363
20050729       -413       3950
20050831       2275       6225
20050930      -2900       3325
20051031        350       3675
20051130       1613       5288
20051230      -1763       3525
20060131       2200       5725
20060228      -2712       3012
20060331      -1675       1337
20060428        987       2325
20060531      -1337        987
20060630          0        987
20060731      -1625       -638
20060831        325       -313
20060929       3938       3625
20061031       3087       6712
20061130       -800       5912
20061229          0       5912
20070131        788       6700
20070228       -875       5825
20070330          0       5825
20070430          0       5825
20070531          0       5825
20070629        562       6387
20070731       3687      10075
20070831      -5400       4675
20070928       2613       7287
20071031       7262      14550
20071130      -2337      12212
20071231          0      12212
20080131      -3100       9112
20080229       1075      10187
20080331        325      10512
20080430       6213      16725
20080530       7112      23837
20080630       5988      29825
20080731      -2612      27212
20080829       4325      31537
20080930       6500      38037
20081031      16500      54537
20081128       6925      61462
20081231       7638      69100
20090130       4500      73600
20090227      -1525      72075
20090331      -1200      70875
20090430      -1900      68975
20090529       3300      72275
20090630       1562      73837
20090731      -6125      67712
20090831          0      67712
20090930      -2350      65362
20091030      -1212      64150
20091130       -888      63262
20091231      -2275      60987
20100129      -3100      57887
20100226      -3100      54787
20100331        675      55462
20100430      -1250      54212
20100528       4300      58512
20100630      -1950      56562
20100730          0      56562
20100831      -2312      54250
20100930      -2738      51512
20101029       -438      51075
20101130        362      51437
20101231        800      52237
20110131      -4563      47675
20110228      -3662      44012
20110331       4488      48500
20110429       3312      51812
20110531      -8375      43437
20110630       3825      47262
20110729      -1725      45537
20110831      -1012      44525
20110930       -800      43725
20111031      -3088      40637
20111130       3525      44162
20111230      -2800      41362
20120131          0      41362
20120229        412      41775
20120330      -2475      39300
20120430      -1700      37600
20120531       5388      42987
20120629        950      43937
20120731      -4550      39387
20120831       2400      41787
20120928      -3462      38325
20121031       3175      41500
20121130      -1400      40100
20121231          0      40100
20130131       2588      42687
20130228      -2650      40037
20130328      -1288      38750
20130430      -2438      36312
20130531          0      36312
20130628          0      36312
20130731       2838      39150
20130830      -1788      37362
20130930      -4525      32837
20131031       2375      35212
20131129       2100      37312
20131231      -2788      34525
20140131      -3225      31300
20140228       1588      32887
20140331      -2400      30487
20140430      -1662      28825
20140530       -688      28137
20140630       1525      29662
20140731      -3013      26650
20140829        300      26950
20140930        725      27675
20141031       2975      30650
20141128       7163      37812
20141231       6562      44375
20150130       2725      47100
20150227      -2500      44600
20150331      -3100      41500
20150430        862      42362
20150529      -1575      40787
20150630          0      40787
20150731       2850      43637
20150831       -900      42737
20150930          0      42737
20151030      -2400      40337
20151130        638      40975
20151231       2962      43937
20160129       2275      46212
20160229        888      47100
20160331       -625      46475
20160401       -775      45700
------------------------------
------------------------------
Sys Name : KeltnerChanSys
Mkt Symb : S2
Profit/Loss : 48637.5
Num Trades : 82
Percent Wins : 1.378
Avg Win  : 1278.1
Avg Loss : -1880.15
Avg Trade: 593.14
MAX DrawDown: 23275.0
------------------------------
20020731       -400       -400
20020830        412         12
20020930        -50        -38
20021031      -1650      -1688
20021129        150      -1538
20021231       -938      -2475
20030131      -2512      -4988
20030228          0      -4988
20030331          0      -4988
20030430       1850      -3138
20030530       -138      -3275
20030630       -700      -3975
20030731       1950      -2025
20030829      -1550      -3575
20030930       4412        838
20031031       5862       6700
20031128      -3125       3575
20031231          0       3575
20040130       -162       3412
20040227       3400       6812
20040331       2875       9688
20040430      -1625       8062
20040528       5925      13988
20040630      -5175       8812
20040730       1238      10050
20040831      -2275       7775
20040930        838       8612
20041029       -138       8475
20041130      -1125       7350
20041230       -438       6912
20050131        238       7150
20050228       2300       9450
20050331        275       9725
20050429       -662       9062
20050531        688       9750
20050630       -725       9025
20050729          0       9025
20050831       1050      10075
20050930       1275      11350
20051031       -888      10462
20051130        200      10662
20051230      -1750       8912
20060131      -2825       6088
20060228          0       6088
20060331          0       6088
20060428       -812       5275
20060531      -1400       3875
20060630      -1500       2375
20060731          0       2375
20060831       1312       3688
20060929        412       4100
20061031       2350       6450
20061130       2062       8512
20061229      -1500       7012
20070131        150       7162
20070228       2600       9762
20070330      -2088       7675
20070430        -88       7588
20070531       -362       7225
20070629       2100       9325
20070731      -1162       8162
20070831      -3012       5150
20070928       3662       8812
20071031        838       9650
20071130       2712      12362
20071231       5788      18150
20080131      -1400      16750
20080229      12138      28888
20080331     -10888      18000
20080430      -6600      11400
20080530          0      11400
20080630       6600      18000
20080731      -7400      10600
20080829       4000      14600
20080930      13950      28550
20081031       6088      34638
20081128       2500      37138
20081231        900      38038
20090130          0      38038
20090227       -425      37612
20090331      -4000      33612
20090430       4250      37862
20090529       6450      44312
20090630      -1725      42588
20090731      -3100      39488
20090831      -3100      36388
20090930      -3100      33288
20091030      -4150      29138
20091130       4200      33338
20091231      -2525      30812
20100129       3200      34012
20100226      -2000      32012
20100331         50      32062
20100430       -350      31712
20100528      -2188      29525
20100630      -1262      28262
20100730       2588      30850
20100831        250      31100
20100930       4838      35938
20101029       5850      41788
20101130      -1825      39962
20101231       2150      42112
20110131        500      42612
20110228      -5450      37162
20110331      -3100      34062
20110429          0      34062
20110531          0      34062
20110630          0      34062
20110729      -3100      30962
20110831       -975      29988
20110930       2275      32262
20111031      -1462      30800
20111130       4300      35100
20111230      -1650      33450
20120131      -4025      29425
20120229       5612      35038
20120330       4150      39188
20120430       4838      44025
20120531      -3950      40075
20120629      -4225      35850
20120731      10150      46000
20120831       5775      51775
20120928      -5875      45900
20121031       2738      48638
20121130       5500      54138
20121231      -2962      51175
20130131      -1450      49725
20130228      -3862      45862
20130328       -938      44925
20130430      -2088      42838
20130531       4125      46962
20130628      -2088      44875
20130731        888      45762
20130830       -350      45412
20130930      -3838      41575
20131031       -138      41438
20131129      -1225      40212
20131231      -1862      38350
20140131          0      38350
20140228       4100      42450
20140331       2500      44950
20140430       3125      48075
20140530      -3425      44650
20140630       3225      47875
20140731       3762      51638
20140829       2888      54525
20140930       5550      60075
20141031      -2288      57788
20141128      -1662      56125
20141231      -1112      55012
20150130       1500      56512
20150227      -2438      54075
20150331       -938      53138
20150430      -2650      50488
20150529        362      50850
20150630       2625      53475
20150731      -3712      49762
20150831       1125      50888
20150930       -225      50662
20151030        100      50762
20151130      -1375      49388
20151231      -1562      47825
20160129          0      47825
20160229          0      47825
20160331        438      48262
20160401        375      48638
------------------------------
