Testing from : 20140829 to: 20160401
---------------------------------------------------------------------------------
SysName         Market TotProfit  MaxDD ClsTrdDD AvgWin AvgLoss PerWins TotTrades
MACDSystem      GC        -38429  50039   49499    617   -2304    1.33        54
MACDSystem      BO         -8144   8490    8162    141    -450    1.29        59
MACDSystem      BP          2656  10631    9812    377    -856    1.42        59
MACDSystem      C2         -4987   7675    7650    127    -458    1.41        56
MACDSystem      CC        -13120  18010   17680    248    -750    1.28        58
MACDSystem      CD         -6989   9039    8029    279    -774    1.35        57
MACDSystem      CL        -42269  54750   54040    703   -2227    1.32        72
MACDSystem      CT          -219   7049    6654    261    -662    1.43        56
MACDSystem      CU         -5199  16575   14712    716   -1934    1.42        50
MACDSystem      DX         -4099   9705    9345    373   -1037    1.41        51
MACDSystem      EM         40079  13850   12730   1132   -1989    1.49        59
MACDSystem      ES         14475   8462    8275    637   -1389    1.49        59
MACDSystem      ED         -5818   5831    5918      2    -126    1.08        52
MACDSystem      FC         29949  11762   11249   1151   -2127    1.48        50
MACDSystem      FV        -10489  12598   12260    104    -434    1.32        68
---------------------------------------------------------------------------------
Totals                    -52608  62511
-------------------------------------------------------------------
Combined Monthly Return
Date         Profit Cum.Profit
-------------------------------------------------------------------
20140829          0          0
20140930     -17412     -17412
20141031       7252     -10160
20141128       9865       -295
20141231     -13420     -13715
20150130      -6885     -20600
20150227     -25402     -46002
20150331      33333     -12669
20150430     -17917     -30586
20150529       -834     -31420
20150630      -9892     -41312
20150731     -14024     -55336
20150831      23400     -31935
20150930       -874     -32809
20151030      15626     -17184
20151130       2144     -15039
20151231     -10859     -25899
20160129      13858     -12041
20160229     -12759     -24799
20160331     -26321     -51120
20160401      -1488     -52608
