------------------------------
Sys Name : RSISystem
Mkt Symb : NQ
20001010      RSI Buy  1 3281.50000       0.00       0.00
20001110       L-Loss  1 3015.50000   -5420.00   -5420.00
20010227      RSI Buy  1 2071.25000       0.00       0.00
20010309       L-Loss  1 1916.25000   -3200.00   -8620.00
20010312      RSI Buy  1 1793.25000       0.00       0.00
20010329       L-Loss  1 1673.25000   -2500.00  -11120.00
20010403      RSI Buy  1 1498.25000       0.00       0.00
20010418       L-Prof  1 1932.75000    8590.00   -2530.00
20010906      RSI Buy  1 1405.25000       0.00       0.00
20010917       L-Loss  1 1294.75000   -2310.00   -4840.00
20010918      RSI Buy  1 1267.75000       0.00       0.00
20011011       L-Prof  1 1495.25000    4450.00    -390.00
20011119    RSI Short  1 1726.25000       0.00       0.00
20011205       S-Loss  1 1819.25000   -1960.00   -2350.00
20020426      RSI Buy  1 1315.00000       0.00       0.00
20020503       L-Loss  1 1260.50000   -1190.00   -3540.00
20020506      RSI Buy  1 1228.50000       0.00       0.00
20020611       L-Loss  1 1167.00000   -1330.00   -4870.00
20020702      RSI Buy  1 1042.00000       0.00       0.00
20020723       L-Loss  1 977.00000   -1400.00   -6270.00
20021106    RSI Short  1 1142.25000       0.00       0.00
20021121       S-Loss  1 1190.75000   -1070.00   -7340.00
20030604    RSI Short  1 1286.00000       0.00       0.00
20030702       S-Loss  1 1326.00000    -900.00   -8240.00
20030829    RSI Short  1 1419.50000       0.00       0.00
20030904       S-Loss  1 1452.50000    -760.00   -9000.00
20030905    RSI Short  1 1443.50000       0.00       0.00
20030918       S-Loss  1 1476.00000    -750.00   -9750.00
20040106    RSI Short  1 1596.50000       0.00       0.00
20040108       S-Loss  1 1623.00000    -630.00  -10380.00
20040109    RSI Short  1 1613.50000       0.00       0.00
20040112       S-Loss  1 1636.50000    -560.00  -10940.00
20040116    RSI Short  1 1645.00000       0.00       0.00
20040204       S-Prof  1 1555.00000    1700.00   -9240.00
20040311      RSI Buy  1 1495.00000       0.00       0.00
20040402       L-Prof  1 1602.75000    2055.00   -7185.00
20040806      RSI Buy  1 1414.50000       0.00       0.00
20040827       L-Prof  1 1487.00000    1350.00   -5835.00
20041006    RSI Short  1 1571.00000       0.00       0.00
20041103       S-Loss  1 1600.00000    -680.00   -6515.00
20041105    RSI Short  1 1622.50000       0.00       0.00
20041112       S-Loss  1 1647.50000    -600.00   -7115.00
20041115    RSI Short  1 1655.50000       0.00       0.00
20041201       S-Loss  1 1694.50000    -880.00   -7995.00
20041202    RSI Short  1 1705.00000       0.00       0.00
20050120       S-Prof  1 1611.75000    1765.00   -6230.00
20050121      RSI Buy  1 1598.75000       0.00       0.00
20050321       L-Loss  1 1573.75000    -600.00   -6830.00
20050415      RSI Buy  1 1499.75000       0.00       0.00
20050516       L-Prof  1 1566.75000    1240.00   -5590.00
20050520    RSI Short  1 1615.75000       0.00       0.00
20050527       S-Loss  1 1637.25000    -530.00   -6120.00
20050531    RSI Short  1 1630.25000       0.00       0.00
20050602       S-Loss  1 1656.75000    -630.00   -6750.00
20050715    RSI Short  1 1678.25000       0.00       0.00
20050722       S-Loss  1 1700.75000    -550.00   -7300.00
20050726    RSI Short  1 1698.25000       0.00       0.00
20050728       S-Loss  1 1717.75000    -490.00   -7790.00
20050802    RSI Short  1 1720.25000       0.00       0.00
20050824       S-Prof  1 1656.25000    1180.00   -6610.00
20051012      RSI Buy  1 1604.75000       0.00       0.00
20051102       L-Prof  1 1687.75000    1560.00   -5050.00
20051117    RSI Short  1 1762.75000       0.00       0.00
20051125       S-Loss  1 1782.75000    -500.00   -5550.00
20060111    RSI Short  1 1838.75000       0.00       0.00
20060120       S-Prof  1 1753.25000    1610.00   -3940.00
20060515      RSI Buy  1 1680.25000       0.00       0.00
20060517       L-Loss  1 1649.25000    -720.00   -4660.00
20060518      RSI Buy  1 1639.25000       0.00       0.00
20060608       L-Loss  1 1601.00000    -865.00   -5525.00
20060612      RSI Buy  1 1568.00000       0.00       0.00
20060713       L-Loss  1 1516.50000   -1130.00   -6655.00
20060915    RSI Short  1 1660.25000       0.00       0.00
20060927       S-Loss  1 1685.00000    -595.00   -7250.00
20061012    RSI Short  1 1740.50000       0.00       0.00
20061108       S-Loss  1 1769.50000    -680.00   -7930.00
20061114    RSI Short  1 1804.00000       0.00       0.00
20061122       S-Loss  1 1832.00000    -660.00   -8590.00
20061124    RSI Short  1 1828.00000       0.00       0.00
20061229       S-Prof  1 1760.75000    1245.00   -7345.00
20070425    RSI Short  1 1859.50000       0.00       0.00
20070522       S-Loss  1 1885.75000    -625.00   -7970.00
20070713    RSI Short  1 1987.25000       0.00       0.00
20070814       S-Prof  1 1855.25000    2540.00   -5430.00
20071005    RSI Short  1 2086.25000       0.00       0.00
20071010       S-Loss  1 2112.00000    -615.00   -6045.00
20071012    RSI Short  1 2114.75000       0.00       0.00
20071031       S-Loss  1 2168.00000   -1165.00   -7210.00
20071112      RSI Buy  1 1905.00000       0.00       0.00
20071206       L-Prof  1 2041.50000    2630.00   -4580.00
20080108      RSI Buy  1 1822.00000       0.00       0.00
20080117       L-Loss  1 1749.50000   -1550.00   -6130.00
20080118      RSI Buy  1 1743.00000       0.00       0.00
20080205       L-Loss  1 1678.50000   -1390.00   -7520.00
20080206      RSI Buy  1 1641.75000       0.00       0.00
20080310       L-Loss  1 1570.25000   -1530.00   -9050.00
20080502    RSI Short  1 1877.75000       0.00       0.00
20080515       S-Loss  1 1923.25000   -1010.00  -10060.00
20080905      RSI Buy  1 1648.25000       0.00       0.00
20080917       L-Loss  1 1518.50000   -2695.00  -12755.00
20080929      RSI Buy  1 1383.50000       0.00       0.00
20081006       L-Loss  1 1278.00000   -2210.00  -14965.00
20081007      RSI Buy  1 1208.00000       0.00       0.00
20081024       L-Loss  1 1063.00000   -3000.00  -17965.00
20090504    RSI Short  1 1293.50000       0.00       0.00
20090601       S-Loss  1 1341.00000   -1050.00  -19015.00
20090604    RSI Short  1 1364.00000       0.00       0.00
20090717       S-Loss  1 1400.25000    -825.00  -19840.00
20090720    RSI Short  1 1412.75000       0.00       0.00
20090723       S-Loss  1 1456.25000    -970.00  -20810.00
20090724    RSI Short  1 1469.50000       0.00       0.00
20090803       S-Loss  1 1499.00000    -690.00  -21500.00
20090804    RSI Short  1 1502.50000       0.00       0.00
20090909       S-Loss  1 1538.25000    -815.00  -22315.00
20090915    RSI Short  1 1569.00000       0.00       0.00
20090918       S-Loss  1 1595.25000    -625.00  -22940.00
20090921    RSI Short  1 1601.75000       0.00       0.00
20091020       S-Loss  1 1632.25000    -710.00  -23650.00
20091228    RSI Short  1 1750.25000       0.00       0.00
20100129       S-Prof  1 1615.00000    2605.00  -21045.00
20100309    RSI Short  1 1777.00000       0.00       0.00
20100311       S-Loss  1 1801.00000    -580.00  -21625.00
20100312    RSI Short  1 1802.50000       0.00       0.00
20100322       S-Loss  1 1826.75000    -585.00  -22210.00
20100323    RSI Short  1 1840.50000       0.00       0.00
20100409       S-Loss  1 1870.25000    -695.00  -22905.00
20100412    RSI Short  1 1870.75000       0.00       0.00
20100414       S-Loss  1 1904.75000    -780.00  -23685.00
20100415    RSI Short  1 1913.00000       0.00       0.00
20100507   RevShrtLiq  1 1726.75000    3625.00  -20060.00
20100507      RSI Buy  1 1726.75000       0.00       0.00
20100608       L-Loss  1 1669.75000   -1240.00  -21300.00
20100701      RSI Buy  1 1607.25000       0.00       0.00
20100714       L-Prof  1 1730.50000    2365.00  -18935.00
20100916    RSI Short  1 1831.75000       0.00       0.00
20100920       S-Loss  1 1863.75000    -740.00  -19675.00
20100921    RSI Short  1 1867.50000       0.00       0.00
20100924       S-Loss  1 1900.25000    -755.00  -20430.00
20100927    RSI Short  1 1889.25000       0.00       0.00
20101013       S-Loss  1 1938.00000   -1075.00  -21505.00
20101014    RSI Short  1 1944.00000       0.00       0.00
20101022       S-Loss  1 1986.00000    -940.00  -22445.00
20101025    RSI Short  1 1990.50000       0.00       0.00
20101102       S-Loss  1 2032.25000    -935.00  -23380.00
20101103    RSI Short  1 2046.25000       0.00       0.00
20101208       S-Loss  1 2082.50000    -825.00  -24205.00
20110105    RSI Short  1 2152.75000       0.00       0.00
20110112       S-Loss  1 2187.50000    -795.00  -25000.00
20110113    RSI Short  1 2185.75000       0.00       0.00
20110118       S-Loss  1 2213.75000    -660.00  -25660.00
20110211    RSI Short  1 2261.25000       0.00       0.00
20110316       S-Prof  1 2094.00000    3245.00  -22415.00
20110707    RSI Short  1 2304.75000       0.00       0.00
20110804       S-Prof  1 2098.75000    4020.00  -18395.00
20110808      RSI Buy  1 1927.25000       0.00       0.00
20110907       L-Prof  1 2111.25000    3580.00  -14815.00
20120118    RSI Short  1 2319.00000       0.00       0.00
20120125       S-Loss  1 2359.00000    -900.00  -15715.00
20120126    RSI Short  1 2351.75000       0.00       0.00
20120201       S-Loss  1 2386.00000    -785.00  -16500.00
20120202    RSI Short  1 2390.00000       0.00       0.00
20120203       S-Loss  1 2421.50000    -730.00  -17230.00
20120206    RSI Short  1 2424.25000       0.00       0.00
20120209       S-Loss  1 2459.50000    -805.00  -18035.00
20120210    RSI Short  1 2447.00000       0.00       0.00
20120214       S-Loss  1 2474.50000    -650.00  -18685.00
20120215    RSI Short  1 2456.00000       0.00       0.00
20120216       S-Loss  1 2492.00000    -820.00  -19505.00
20120217    RSI Short  1 2480.50000       0.00       0.00
20120228       S-Loss  1 2530.50000   -1100.00  -20605.00
20120229    RSI Short  1 2521.50000       0.00       0.00
20120313       S-Loss  1 2597.00000   -1610.00  -22215.00
20120314    RSI Short  1 2605.75000       0.00       0.00
20120320       S-Loss  1 2638.50000    -755.00  -22970.00
20120321    RSI Short  1 2638.25000       0.00       0.00
20120326       S-Loss  1 2680.00000    -935.00  -23905.00
20120327    RSI Short  1 2678.75000       0.00       0.00
20120424       S-Prof  1 2535.50000    2765.00  -21140.00
20120517      RSI Buy  1 2407.75000       0.00       0.00
20120703       L-Prof  1 2549.75000    2740.00  -18400.00
20120816    RSI Short  1 2671.75000       0.00       0.00
20120906       S-Loss  1 2733.75000   -1340.00  -19740.00
20121114      RSI Buy  1 2443.50000       0.00       0.00
20121126       L-Prof  1 2559.75000    2225.00  -17515.00
20130510    RSI Short  1 2896.25000       0.00       0.00
20130517       S-Loss  1 2943.50000   -1045.00  -18560.00
20130520    RSI Short  1 2941.75000       0.00       0.00
20130621       S-Prof  1 2791.00000    2915.00  -15645.00
20130712    RSI Short  1 2988.00000       0.00       0.00
20130801       S-Loss  1 3038.75000   -1115.00  -16760.00
20130802    RSI Short  1 3062.00000       0.00       0.00
20130910       S-Loss  1 3108.75000   -1035.00  -17795.00
20130918    RSI Short  1 3154.00000       0.00       0.00
20131017       S-Loss  1 3233.25000   -1685.00  -19480.00
20131021    RSI Short  1 3286.25000       0.00       0.00
20131030       S-Loss  1 3324.50000    -865.00  -20345.00
20131129    RSI Short  1 3419.75000       0.00       0.00
20131209       S-Loss  1 3450.75000    -720.00  -21065.00
20131210    RSI Short  1 3448.25000       0.00       0.00
20131223       S-Loss  1 3501.50000   -1165.00  -22230.00
20131224    RSI Short  1 3506.50000       0.00       0.00
20140122       S-Loss  1 3557.25000   -1115.00  -23345.00
20140605    RSI Short  1 3719.50000       0.00       0.00
20140625       S-Loss  1 3764.75000   -1005.00  -24350.00
20140626    RSI Short  1 3767.50000       0.00       0.00
20140701       S-Loss  1 3834.75000   -1445.00  -25795.00
20140702    RSI Short  1 3839.75000       0.00       0.00
20140722       S-Loss  1 3900.50000   -1315.00  -27110.00
20140723    RSI Short  1 3925.50000       0.00       0.00
20140819       S-Loss  1 3984.25000   -1275.00  -28385.00
20140820    RSI Short  1 3989.50000       0.00       0.00
20140826       S-Loss  1 4022.25000    -755.00  -29140.00
20140827    RSI Short  1 4022.75000       0.00       0.00
20141013       S-Prof  1 3756.50000    5225.00  -23915.00
20141015      RSI Buy  1 3710.00000       0.00       0.00
20141024       L-Prof  1 3992.75000    5555.00  -18360.00
20141118    RSI Short  1 4196.00000       0.00       0.00
20141124       S-Loss  1 4240.00000    -980.00  -19340.00
20141125    RSI Short  1 4250.50000       0.00       0.00
20141128       S-Loss  1 4296.25000   -1015.00  -20355.00
20150223    RSI Short  1 4406.00000       0.00       0.00
20150302       S-Loss  1 4438.50000    -750.00  -21105.00
20150821      RSI Buy  1 4176.50000       0.00       0.00
20150824       L-Loss  1 3979.00000   -4050.00  -25155.00
20150825      RSI Buy  1 4004.25000       0.00       0.00
20150915       L-Prof  1 4336.75000    6550.00  -18605.00
20151026    RSI Short  1 4602.00000       0.00       0.00
20151102       S-Loss  1 4679.75000   -1655.00  -20260.00
20151103    RSI Short  1 4697.75000       0.00       0.00
20151113       S-Prof  1 4487.75000    4100.00  -16160.00
20160107      RSI Buy  1 4281.00000       0.00       0.00
20160115       L-Loss  1 4132.50000   -3070.00  -19230.00
20160401    RSI Short  1 4528.50000       0.00       0.00
20160401        S-EOD  1 4528.50000    -100.00  -19330.00
------------------------------
Sys Name : RSISystem
Mkt Symb : EM
20000505    RSI Short  1 514.50000       0.00       0.00
20000602       S-Loss  1 527.50000   -1400.00   -1400.00
20000829    RSI Short  1 553.50000       0.00       0.00
20000831       S-Loss  1 559.80000    -730.00   -2130.00
20000901    RSI Short  1 565.80000       0.00       0.00
20000918       S-Prof  1 541.40000    2340.00     210.00
20001012      RSI Buy  1 499.90000       0.00       0.00
20001101       L-Prof  1 533.70000    3280.00    3490.00
20010316      RSI Buy  1 458.90000       0.00       0.00
20010322       L-Loss  1 443.40000   -1650.00    1840.00
20010404      RSI Buy  1 430.90000       0.00       0.00
20010412       L-Prof  1 474.40000    4250.00    6090.00
20010521    RSI Short  1 542.90000       0.00       0.00
20010530       S-Prof  1 511.90000    3000.00    9090.00
20010907      RSI Buy  1 460.10000       0.00       0.00
20010917       L-Loss  1 432.80000   -2830.00    6260.00
20010918      RSI Buy  1 427.40000       0.00       0.00
20010920       L-Loss  1 398.70000   -2970.00    3290.00
20010921      RSI Buy  1 396.90000       0.00       0.00
20011004       L-Prof  1 432.70000    3480.00    6770.00
20020702      RSI Buy  1 445.80000       0.00       0.00
20020710       L-Loss  1 429.90000   -1690.00    5080.00
20020711      RSI Buy  1 430.20000       0.00       0.00
20020718       L-Loss  1 412.70000   -1850.00    3230.00
20020719      RSI Buy  1 403.90000       0.00       0.00
20020723       L-Loss  1 378.40000   -2650.00     580.00
20030213      RSI Buy  1 378.20000       0.00       0.00
20030311       L-Loss  1 369.10000   -1010.00    -430.00
20030502    RSI Short  1 425.70000       0.00       0.00
20030512       S-Loss  1 435.20000   -1050.00   -1480.00
20030513    RSI Short  1 435.30000       0.00       0.00
20030527       S-Loss  1 442.30000    -800.00   -2280.00
20030528    RSI Short  1 442.90000       0.00       0.00
20030530       S-Loss  1 454.90000   -1300.00   -3580.00
20030602    RSI Short  1 457.20000       0.00       0.00
20030605       S-Loss  1 467.30000   -1110.00   -4690.00
20030606    RSI Short  1 463.90000       0.00       0.00
20030702       S-Loss  1 474.80000   -1190.00   -5880.00
20030708    RSI Short  1 484.60000       0.00       0.00
20030819       S-Loss  1 492.80000    -920.00   -6800.00
20030821    RSI Short  1 498.30000       0.00       0.00
20030902       S-Loss  1 509.80000   -1250.00   -8050.00
20030903    RSI Short  1 511.60000       0.00       0.00
20031006       S-Loss  1 521.70000   -1110.00   -9160.00
20031105    RSI Short  1 544.60000       0.00       0.00
20031126       S-Loss  1 553.80000   -1020.00  -10180.00
20040112    RSI Short  1 578.90000       0.00       0.00
20040120       S-Loss  1 588.50000   -1060.00  -11240.00
20040121    RSI Short  1 590.40000       0.00       0.00
20040217       S-Loss  1 599.70000   -1030.00  -12270.00
20040510      RSI Buy  1 558.50000       0.00       0.00
20040526       L-Prof  1 585.10000    2560.00   -9710.00
20040806      RSI Buy  1 547.60000       0.00       0.00
20040827       L-Prof  1 574.10000    2550.00   -7160.00
20041104    RSI Short  1 615.50000       0.00       0.00
20041111       S-Loss  1 623.50000    -900.00   -8060.00
20041112    RSI Short  1 630.70000       0.00       0.00
20041201       S-Loss  1 641.50000   -1180.00   -9240.00
20041215    RSI Short  1 651.50000       0.00       0.00
20041229       S-Loss  1 660.00000    -950.00  -10190.00
20050415      RSI Buy  1 620.20000       0.00       0.00
20050518       L-Prof  1 652.90000    3170.00   -7020.00
20050616    RSI Short  1 683.00000       0.00       0.00
20050708       S-Loss  1 694.00000   -1200.00   -8220.00
20050711    RSI Short  1 699.30000       0.00       0.00
20050728       S-Loss  1 711.70000   -1340.00   -9560.00
20050802    RSI Short  1 714.00000       0.00       0.00
20050808       S-Prof  1 694.50000    1850.00   -7710.00
20051012      RSI Buy  1 659.70000       0.00       0.00
20051102       L-Prof  1 697.10000    3640.00   -4070.00
20051122    RSI Short  1 723.40000       0.00       0.00
20051213       S-Loss  1 731.20000    -880.00   -4950.00
20060110    RSI Short  1 753.10000       0.00       0.00
20060201       S-Loss  1 762.70000   -1060.00   -6010.00
20060517      RSI Buy  1 737.70000       0.00       0.00
20060523       L-Loss  1 721.10000   -1760.00   -7770.00
20060524      RSI Buy  1 723.60000       0.00       0.00
20060612       L-Loss  1 697.20000   -2740.00  -10510.00
20060613      RSI Buy  1 684.50000       0.00       0.00
20060629       L-Prof  1 729.60000    4410.00   -6100.00
20070207    RSI Short  1 802.70000       0.00       0.00
20070220       S-Loss  1 813.30000   -1160.00   -7260.00
20070221    RSI Short  1 815.00000       0.00       0.00
20070227       S-Prof  1 781.90000    3210.00   -4050.00
20070305      RSI Buy  1 752.60000       0.00       0.00
20070321       L-Prof  1 797.90000    4430.00     380.00
20070425    RSI Short  1 829.80000       0.00       0.00
20070521       S-Loss  1 846.50000   -1770.00   -1390.00
20070604    RSI Short  1 864.90000       0.00       0.00
20070607       S-Prof  1 827.00000    3690.00    2300.00
20070726      RSI Buy  1 801.80000       0.00       0.00
20070803       L-Loss  1 776.40000   -2640.00    -340.00
20071121      RSI Buy  1 743.70000       0.00       0.00
20071206       L-Prof  1 804.00000    5930.00    5590.00
20080108      RSI Buy  1 711.20000       0.00       0.00
20080117       L-Loss  1 675.00000   -3720.00    1870.00
20080118      RSI Buy  1 668.90000       0.00       0.00
20080220       L-Prof  1 721.30000    5140.00    7010.00
20080515    RSI Short  1 793.70000       0.00       0.00
20080605       S-Loss  1 809.80000   -1710.00    5300.00
20080702      RSI Buy  1 705.20000       0.00       0.00
20080715       L-Loss  1 680.50000   -2570.00    2730.00
20081006      RSI Buy  1 539.10000       0.00       0.00
20081009       L-Loss  1 447.40000   -9270.00   -6540.00
20081010      RSI Buy  1 454.40000       0.00       0.00
20081024       L-Loss  1 397.40000   -5800.00  -12340.00
20081027      RSI Buy  1 377.50000       0.00       0.00
20081120       L-Loss  1 324.30000   -5420.00  -17760.00
20090302      RSI Buy  1 333.90000       0.00       0.00
20090323       L-Prof  1 405.20000    7030.00  -10730.00
20090724    RSI Short  1 533.70000       0.00       0.00
20090803       S-Loss  1 551.90000   -1920.00  -12650.00
20090804    RSI Short  1 560.00000       0.00       0.00
20090828       S-Loss  1 575.10000   -1610.00  -14260.00
20090914    RSI Short  1 597.90000       0.00       0.00
20090916       S-Loss  1 617.70000   -2080.00  -16340.00
20090917    RSI Short  1 615.70000       0.00       0.00
20091015       S-Loss  1 627.30000   -1260.00  -17600.00
20091224    RSI Short  1 655.70000       0.00       0.00
20100108       S-Loss  1 668.20000   -1350.00  -18950.00
20100305    RSI Short  1 685.90000       0.00       0.00
20100311       S-Loss  1 698.90000   -1400.00  -20350.00
20100312    RSI Short  1 702.80000       0.00       0.00
20100317       S-Loss  1 713.30000   -1150.00  -21500.00
20100318    RSI Short  1 709.90000       0.00       0.00
20100405       S-Loss  1 727.40000   -1850.00  -23350.00
20100406    RSI Short  1 732.00000       0.00       0.00
20100414       S-Loss  1 748.30000   -1730.00  -25080.00
20100415    RSI Short  1 749.00000       0.00       0.00
20100423       S-Loss  1 766.30000   -1830.00  -26910.00
20100426    RSI Short  1 764.50000       0.00       0.00
20100506       S-Prof  1 693.90000    6960.00  -19950.00
20101013    RSI Short  1 745.10000       0.00       0.00
20101102       S-Loss  1 761.30000   -1720.00  -21670.00
20101103    RSI Short  1 763.90000       0.00       0.00
20101104       S-Loss  1 778.50000   -1560.00  -23230.00
20101105    RSI Short  1 784.10000       0.00       0.00
20101202       S-Loss  1 807.40000   -2430.00  -25660.00
20101208    RSI Short  1 812.90000       0.00       0.00
20101216       S-Loss  1 824.90000   -1300.00  -26960.00
20101217    RSI Short  1 824.90000       0.00       0.00
20101221       S-Loss  1 834.90000   -1100.00  -28060.00
20101222    RSI Short  1 838.10000       0.00       0.00
20110114       S-Loss  1 857.10000   -2000.00  -30060.00
20110118    RSI Short  1 865.90000       0.00       0.00
20110208       S-Loss  1 882.90000   -1800.00  -31860.00
20110210    RSI Short  1 885.60000       0.00       0.00
20110214       S-Loss  1 898.40000   -1380.00  -33240.00
20110215    RSI Short  1 896.70000       0.00       0.00
20110217       S-Loss  1 906.70000   -1100.00  -34340.00
20110218    RSI Short  1 908.10000       0.00       0.00
20110401       S-Loss  1 923.50000   -1640.00  -35980.00
20110707    RSI Short  1 942.30000       0.00       0.00
20110727       S-Prof  1 878.80000    6250.00  -29730.00
20110802      RSI Buy  1 838.20000       0.00       0.00
20110804       L-Loss  1 789.40000   -4980.00  -34710.00
20110805      RSI Buy  1 774.60000       0.00       0.00
20110808       L-Loss  1 702.40000   -7320.00  -42030.00
20110810      RSI Buy  1 730.90000       0.00       0.00
20111003       L-Loss  1 674.30000   -5760.00  -47790.00
20120124    RSI Short  1 869.90000       0.00       0.00
20120201       S-Loss  1 888.70000   -1980.00  -49770.00
20120202    RSI Short  1 890.60000       0.00       0.00
20120207       S-Loss  1 908.70000   -1910.00  -51680.00
20120208    RSI Short  1 910.20000       0.00       0.00
20120313       S-Loss  1 936.10000   -2690.00  -54370.00
20120517      RSI Buy  1 853.50000       0.00       0.00
20120604       L-Loss  1 827.10000   -2740.00  -57110.00
20120906    RSI Short  1 942.50000       0.00       0.00
20120913       S-Loss  1 958.30000   -1680.00  -58790.00
20120914    RSI Short  1 970.80000       0.00       0.00
20120926       S-Prof  1 923.80000    4600.00  -54190.00
20121220    RSI Short  1 977.70000       0.00       0.00
20130103       S-Loss  1 995.40000   -1870.00  -56060.00
20130114    RSI Short  1 1004.10000       0.00       0.00
20130118       S-Loss  1 1019.50000   -1640.00  -57700.00
20130122    RSI Short  1 1028.50000       0.00       0.00
20130125       S-Loss  1 1042.90000   -1540.00  -59240.00
20130128    RSI Short  1 1042.90000       0.00       0.00
20130208       S-Loss  1 1055.30000   -1340.00  -60580.00
20130211    RSI Short  1 1053.30000       0.00       0.00
20130214       S-Loss  1 1064.00000   -1170.00  -61750.00
20130215    RSI Short  1 1063.20000       0.00       0.00
20130311       S-Loss  1 1080.10000   -1790.00  -63540.00
20130314    RSI Short  1 1090.50000       0.00       0.00
20130430       S-Loss  1 1108.00000   -1850.00  -65390.00
20130521    RSI Short  1 1162.50000       0.00       0.00
20130612       S-Prof  1 1102.70000    5880.00  -59510.00
20130722    RSI Short  1 1190.40000       0.00       0.00
20130801       S-Loss  1 1207.70000   -1830.00  -61340.00
20140606    RSI Short  1 1372.80000       0.00       0.00
20140620       S-Loss  1 1386.70000   -1490.00  -62830.00
20140701    RSI Short  1 1405.30000       0.00       0.00
20140729       S-Prof  1 1359.10000    4520.00  -58310.00
20141001      RSI Buy  1 1318.60000       0.00       0.00
20141009       L-Loss  1 1295.40000   -2420.00  -60730.00
20141010      RSI Buy  1 1267.30000       0.00       0.00
20141028       L-Prof  1 1368.60000   10030.00  -50700.00
20141124    RSI Short  1 1423.40000       0.00       0.00
20141215       S-Prof  1 1363.50000    5890.00  -44810.00
20150824      RSI Buy  1 1330.10000       0.00       0.00
20150916       L-Prof  1 1421.10000    9000.00  -35810.00
20160107      RSI Buy  1 1312.80000       0.00       0.00
20160113       L-Loss  1 1263.30000   -5050.00  -40860.00
20160114      RSI Buy  1 1279.40000       0.00       0.00
20160209       L-Loss  1 1243.40000   -3700.00  -44560.00
20160304    RSI Short  1 1390.90000       0.00       0.00
20160317       S-Loss  1 1416.60000   -2670.00  -47230.00
20160401    RSI Short  1 1448.40000       0.00       0.00
20160401        S-EOD  1 1448.40000    -100.00  -47330.00
------------------------------
Sys Name : RSISystem
Mkt Symb : ES
20001010      RSI Buy  1 1391.75000       0.00       0.00
20001012       L-Loss  1 1345.25000   -2425.00   -2425.00
20010221      RSI Buy  1 1249.50000       0.00       0.00
20010309       L-Loss  1 1224.00000   -1375.00   -3800.00
20010312      RSI Buy  1 1172.00000       0.00       0.00
20010320       L-Loss  1 1140.00000   -1700.00   -5500.00
20010321      RSI Buy  1 1119.50000       0.00       0.00
20010419       L-Prof  1 1246.25000    6237.50     737.50
20010906      RSI Buy  1 1072.00000       0.00       0.00
20010917       L-Loss  1 1007.50000   -3325.00   -2587.50
20010918      RSI Buy  1 1004.00000       0.00       0.00
20010920       L-Loss  1 950.00000   -2800.00   -5387.50
20010921      RSI Buy  1 908.00000       0.00       0.00
20011003       L-Prof  1 1009.50000    4975.00    -412.50
20020429      RSI Buy  1 990.50000       0.00       0.00
20020603       L-Loss  1 964.25000   -1412.50   -1825.00
20020702      RSI Buy  1 872.25000       0.00       0.00
20020712       L-Loss  1 842.00000   -1612.50   -3437.50
20020718      RSI Buy  1 800.25000       0.00       0.00
20020722       L-Loss  1 744.50000   -2887.50   -6325.00
20020723      RSI Buy  1 721.50000       0.00       0.00
20020808       L-Prof  1 830.50000    5350.00    -975.00
20030603    RSI Short  1 896.25000       0.00       0.00
20030605       S-Loss  1 914.75000   -1025.00   -2000.00
20030606    RSI Short  1 911.75000       0.00       0.00
20030616       S-Loss  1 934.50000   -1237.50   -3237.50
20030617    RSI Short  1 934.75000       0.00       0.00
20030902       S-Loss  1 956.00000   -1162.50   -4400.00
20030904    RSI Short  1 962.25000       0.00       0.00
20031010       S-Loss  1 976.50000    -812.50   -5212.50
20031222    RSI Short  1 1034.75000       0.00       0.00
20031229       S-Loss  1 1049.75000    -850.00   -6062.50
20031230    RSI Short  1 1049.75000       0.00       0.00
20040105       S-Loss  1 1062.00000    -712.50   -6775.00
20040106    RSI Short  1 1064.00000       0.00       0.00
20040116       S-Loss  1 1080.00000    -900.00   -7675.00
20040120    RSI Short  1 1079.50000       0.00       0.00
20040126       S-Loss  1 1096.25000    -937.50   -8612.50
20040806      RSI Buy  1 1007.25000       0.00       0.00
20040825       L-Prof  1 1047.50000    1912.50   -6700.00
20041104    RSI Short  1 1103.75000       0.00       0.00
20041111       S-Loss  1 1117.00000    -762.50   -7462.50
20041112    RSI Short  1 1126.00000       0.00       0.00
20041213       S-Loss  1 1143.50000    -975.00   -8437.50
20050415      RSI Buy  1 1080.00000       0.00       0.00
20050519       L-Prof  1 1127.75000    2287.50   -6150.00
20051011      RSI Buy  1 1113.50000       0.00       0.00
20051110       L-Prof  1 1158.75000    2162.50   -3987.50
20051121    RSI Short  1 1182.00000       0.00       0.00
20051123       S-Loss  1 1193.50000    -675.00   -4662.50
20051125    RSI Short  1 1195.00000       0.00       0.00
20060106       S-Loss  1 1208.50000    -775.00   -5437.50
20060517      RSI Buy  1 1175.50000       0.00       0.00
20060612       L-Loss  1 1143.00000   -1725.00   -7162.50
20060613      RSI Buy  1 1128.50000       0.00       0.00
20060629       L-Prof  1 1178.50000    2400.00   -4762.50
20061004    RSI Short  1 1243.00000       0.00       0.00
20061012       S-Loss  1 1255.50000    -725.00   -5487.50
20061013    RSI Short  1 1258.25000       0.00       0.00
20061024       S-Loss  1 1269.50000    -662.50   -6150.00
20061025    RSI Short  1 1274.00000       0.00       0.00
20061115       S-Loss  1 1286.25000    -712.50   -6862.50
20061116    RSI Short  1 1289.75000       0.00       0.00
20061214       S-Loss  1 1310.75000   -1150.00   -8012.50
20070227      RSI Buy  1 1264.25000       0.00       0.00
20070404       L-Prof  1 1308.75000    2125.00   -5887.50
20070420    RSI Short  1 1353.25000       0.00       0.00
20070503       S-Loss  1 1367.25000    -800.00   -6687.50
20070504    RSI Short  1 1374.50000       0.00       0.00
20070518       S-Loss  1 1388.25000    -787.50   -7475.00
20070727      RSI Buy  1 1303.50000       0.00       0.00
20070815       L-Loss  1 1260.00000   -2275.00   -9750.00
20080117      RSI Buy  1 1161.75000       0.00       0.00
20080306       L-Loss  1 1130.00000   -1687.50  -11437.50
20080626      RSI Buy  1 1103.25000       0.00       0.00
20080707       L-Loss  1 1070.50000   -1737.50  -13175.00
20080709      RSI Buy  1 1066.75000       0.00       0.00
20080715       L-Loss  1 1030.25000   -1925.00  -15100.00
20081007      RSI Buy  1 823.50000       0.00       0.00
20081009       L-Loss  1 730.25000   -4762.50  -19862.50
20081010      RSI Buy  1 708.75000       0.00       0.00
20081119       L-Loss  1 630.25000   -4025.00  -23887.50
20090223      RSI Buy  1 563.50000       0.00       0.00
20090302       L-Loss  1 524.00000   -2075.00  -25962.50
20090303      RSI Buy  1 508.00000       0.00       0.00
20090318       L-Prof  1 613.25000    5162.50  -20800.00
20090724    RSI Short  1 803.50000       0.00       0.00
20090803       S-Loss  1 826.50000   -1250.00  -22050.00
20090804    RSI Short  1 830.50000       0.00       0.00
20090825       S-Loss  1 851.75000   -1162.50  -23212.50
20090916    RSI Short  1 893.75000       0.00       0.00
20091014       S-Loss  1 918.00000   -1312.50  -24525.00
20100310    RSI Short  1 981.00000       0.00       0.00
20100316       S-Loss  1 994.50000    -775.00  -25300.00
20100317    RSI Short  1 1000.75000       0.00       0.00
20100401       S-Loss  1 1013.50000    -737.50  -26037.50
20100405    RSI Short  1 1022.75000       0.00       0.00
20100414       S-Loss  1 1046.25000   -1275.00  -27312.50
20100415    RSI Short  1 1048.25000       0.00       0.00
20100507       S-Prof  1 946.75000    4975.00  -22337.50
20100702      RSI Buy  1 858.25000       0.00       0.00
20100714       L-Prof  1 935.00000    3737.50  -18600.00
20101013    RSI Short  1 1023.25000       0.00       0.00
20101102       S-Loss  1 1041.75000   -1025.00  -19625.00
20101103    RSI Short  1 1046.25000       0.00       0.00
20101104       S-Loss  1 1067.50000   -1162.50  -20787.50
20101105    RSI Short  1 1071.00000       0.00       0.00
20101210       S-Loss  1 1090.00000   -1050.00  -21837.50
20101221    RSI Short  1 1104.75000       0.00       0.00
20110103       S-Loss  1 1119.25000    -825.00  -22662.50
20110104    RSI Short  1 1119.25000       0.00       0.00
20110112       S-Loss  1 1137.50000   -1012.50  -23675.00
20110113    RSI Short  1 1135.25000       0.00       0.00
20110118       S-Loss  1 1148.75000    -775.00  -24450.00
20110127    RSI Short  1 1149.75000       0.00       0.00
20110207       S-Loss  1 1169.75000   -1100.00  -25550.00
20110208    RSI Short  1 1175.75000       0.00       0.00
20110217       S-Loss  1 1191.75000    -900.00  -26450.00
20110218    RSI Short  1 1196.50000       0.00       0.00
20110316       S-Prof  1 1112.75000    4087.50  -22362.50
20110804      RSI Buy  1 1063.00000       0.00       0.00
20110808       L-Loss  1 975.50000   -4475.00  -26837.50
20110810      RSI Buy  1 987.75000       0.00       0.00
20111014       L-Prof  1 1089.75000    5000.00  -21837.50
20120119    RSI Short  1 1187.00000       0.00       0.00
20120203       S-Loss  1 1215.50000   -1525.00  -23362.50
20120206    RSI Short  1 1215.50000       0.00       0.00
20120216       S-Loss  1 1231.25000    -887.50  -24250.00
20120217    RSI Short  1 1236.25000       0.00       0.00
20120301       S-Loss  1 1251.00000    -837.50  -25087.50
20120313    RSI Short  1 1273.00000       0.00       0.00
20120326       S-Loss  1 1297.25000   -1312.50  -26400.00
20120517      RSI Buy  1 1183.50000       0.00       0.00
20120601       L-Loss  1 1156.25000   -1462.50  -27862.50
20120907    RSI Short  1 1327.25000       0.00       0.00
20120913       S-Loss  1 1346.25000   -1050.00  -28912.50
20120914    RSI Short  1 1354.75000       0.00       0.00
20121107       S-Prof  1 1284.75000    3400.00  -25512.50
20121114      RSI Buy  1 1248.75000       0.00       0.00
20121129       L-Prof  1 1311.50000    3037.50  -22475.00
20130122    RSI Short  1 1390.75000       0.00       0.00
20130129       S-Loss  1 1406.25000    -875.00  -23350.00
20130201    RSI Short  1 1408.00000       0.00       0.00
20130219       S-Loss  1 1429.25000   -1162.50  -24512.50
20130311    RSI Short  1 1457.25000       0.00       0.00
20130410       S-Loss  1 1489.50000   -1712.50  -26225.00
20130514    RSI Short  1 1554.75000       0.00       0.00
20130517       S-Loss  1 1569.75000    -850.00  -27075.00
20130520    RSI Short  1 1571.25000       0.00       0.00
20130624       S-Prof  1 1479.00000    4512.50  -22562.50
20130802    RSI Short  1 1616.75000       0.00       0.00
20130815       S-Prof  1 1568.50000    2312.50  -20250.00
20130918    RSI Short  1 1637.25000       0.00       0.00
20131007       S-Prof  1 1587.25000    2400.00  -17850.00
20131029    RSI Short  1 1687.00000       0.00       0.00
20131114       S-Loss  1 1707.25000   -1112.50  -18962.50
20131231    RSI Short  1 1766.75000       0.00       0.00
20140127       S-Prof  1 1701.50000    3162.50  -15800.00
20140203      RSI Buy  1 1658.50000       0.00       0.00
20140212       L-Prof  1 1742.75000    4112.50  -11687.50
20140605    RSI Short  1 1871.25000       0.00       0.00
20140609       S-Loss  1 1883.00000    -687.50  -12375.00
20140610    RSI Short  1 1883.25000       0.00       0.00
20140701       S-Loss  1 1905.75000   -1225.00  -13600.00
20140702    RSI Short  1 1907.75000       0.00       0.00
20140821       S-Loss  1 1929.50000   -1187.50  -14787.50
20141015      RSI Buy  1 1795.00000       0.00       0.00
20141028       L-Prof  1 1928.25000    6562.50   -8225.00
20141120    RSI Short  1 2000.25000       0.00       0.00
20141124       S-Loss  1 2015.75000    -875.00   -9100.00
20141125    RSI Short  1 2015.75000       0.00       0.00
20141212       S-Prof  1 1945.50000    3412.50   -5687.50
20150821      RSI Buy  1 1943.00000       0.00       0.00
20150824       L-Loss  1 1842.75000   -5112.50  -10800.00
20150825      RSI Buy  1 1844.25000       0.00       0.00
20150916       L-Prof  1 1969.50000    6162.50   -4637.50
20160108      RSI Buy  1 1902.00000       0.00       0.00
20160120       L-Loss  1 1845.50000   -2925.00   -7562.50
20160318    RSI Short  1 2037.50000       0.00       0.00
20160401       S-Loss  1 2065.00000   -1475.00   -9037.50
