------------------------------
Sys Name : RSISystem
Mkt Symb : NQ
Profit/Loss : -19230.0
Num Trades : 117
Percent Wins : 1.231
Avg Win  : 579.38
Avg Loss : -1141.78
Avg Trade: -164.36
MAX DrawDown: 36565.0
------------------------------
20000531          0          0
20000630          0          0
20000731          0          0
20000831          0          0
20000929          0          0
20001031       2800       2800
20001130      -8220      -5420
20001229          0      -5420
20010131          0      -5420
20010228      -1120      -6540
20010330      -4580     -11120
20010430       8590      -2530
20010531          0      -2530
20010629          0      -2530
20010731          0      -2530
20010831          0      -2530
20010928      -2200      -4730
20011031       4340       -390
20011130        600        210
20011231      -2560      -2350
20020131          0      -2350
20020228          0      -2350
20020328          0      -2350
20020430        560      -1790
20020531       -870      -2660
20020628      -2210      -4870
20020731      -1400      -6270
20020830          0      -6270
20020930          0      -6270
20021031          0      -6270
20021129      -1070      -7340
20021231          0      -7340
20030131          0      -7340
20030228          0      -7340
20030331          0      -7340
20030430          0      -7340
20030530          0      -7340
20030630         80      -7260
20030731       -980      -8240
20030829          0      -8240
20030930      -1510      -9750
20031031          0      -9750
20031128          0      -9750
20031231          0      -9750
20040130        -30      -9780
20040227        540      -9240
20040331       1085      -8155
20040430        970      -7185
20040528          0      -7185
20040630          0      -7185
20040730          0      -7185
20040831       1350      -5835
20040930          0      -5835
20041029       -220      -6055
20041130      -1250      -7305
20041231       -945      -8250
20050131       2310      -5940
20050228       -220      -6160
20050331       -670      -6830
20050429        220      -6610
20050531        490      -6120
20050630       -630      -6750
20050729      -1040      -7790
20050831       1180      -6610
20050930          0      -6610
20051031       1200      -5410
20051130       -140      -5550
20051230          0      -5550
20060131       1610      -3940
20060228          0      -3940
20060331          0      -3940
20060428          0      -3940
20060531       -955      -4895
20060630        375      -4520
20060731      -2135      -6655
20060831          0      -6655
20060929       -595      -7250
20061031       -200      -7450
20061130       -630      -8080
20061229        735      -7345
20070131          0      -7345
20070228          0      -7345
20070330          0      -7345
20070430        295      -7050
20070531       -920      -7970
20070629          0      -7970
20070731       2020      -5950
20070831        520      -5430
20070928          0      -5430
20071031      -1780      -7210
20071130       2100      -5110
20071231        530      -4580
20080131      -1585      -6165
20080229      -1355      -7520
20080331      -1530      -9050
20080430          0      -9050
20080530      -1010     -10060
20080630          0     -10060
20080731          0     -10060
20080829          0     -10060
20080930       -845     -10905
20081031      -7060     -17965
20081128          0     -17965
20081231          0     -17965
20090130          0     -17965
20090227          0     -17965
20090331          0     -17965
20090430          0     -17965
20090529       -260     -18225
20090630       -480     -18705
20090731      -2200     -20905
20090831       -490     -21395
20090930      -1340     -22735
20091030       -915     -23650
20091130          0     -23650
20091231        315     -23335
20100129       2290     -21045
20100226          0     -21045
20100331      -1035     -22080
20100430       -880     -22960
20100528       2970     -19990
20100630      -1310     -21300
20100730       2365     -18935
20100831          0     -18935
20100930      -1260     -20195
20101029      -2520     -22715
20101130        280     -22435
20101231      -1770     -24205
20110131      -1455     -25660
20110228        550     -25110
20110331       2695     -22415
20110429          0     -22415
20110531          0     -22415
20110630          0     -22415
20110729       1125     -21290
20110831       6950     -14340
20110930       -475     -14815
20111031          0     -14815
20111130          0     -14815
20111230          0     -14815
20120131      -1120     -15935
20120229      -4670     -20605
20120330      -2800     -23405
20120430       2265     -21140
20120531        385     -20755
20120629       1820     -18935
20120731        535     -18400
20120831       -150     -18550
20120928      -1190     -19740
20121031          0     -19740
20121130       2225     -17515
20121231          0     -17515
20130131          0     -17515
20130228          0     -17515
20130328          0     -17515
20130430          0     -17515
20130531       -230     -17745
20130628       2100     -15645
20130731       -420     -16065
20130830        555     -15510
20130930      -2030     -17540
20131031      -2805     -20345
20131129          0     -20345
20131231      -2165     -22510
20140131       -835     -23345
20140228          0     -23345
20140331          0     -23345
20140430          0     -23345
20140530          0     -23345
20140630      -1465     -24810
20140731       -485     -25295
20140829      -4030     -29325
20140930        585     -28740
20141031      10380     -18360
20141128      -1995     -20355
20141231          0     -20355
20150130          0     -20355
20150227         40     -20315
20150331       -790     -21105
20150430          0     -21105
20150529          0     -21105
20150630          0     -21105
20150731          0     -21105
20150831        815     -20290
20150930       1685     -18605
20151030       -540     -19145
20151130       2985     -16160
20151231          0     -16160
20160129      -3070     -19230
20160229          0     -19230
20160331          0     -19230
20160401          0     -19230
------------------------------
------------------------------
Sys Name : RSISystem
Mkt Symb : EM
Profit/Loss : -47230.0
Num Trades : 105
Percent Wins : 1.238
Avg Win  : 900.69
Avg Loss : -2055.25
Avg Trade: -449.81
MAX DrawDown: 74900.0
------------------------------
20000531       1270       1270
20000630      -2670      -1400
20000731          0      -1400
20000831       -730      -2130
20000929       2340        210
20001031       2980       3190
20001130        300       3490
20001229          0       3490
20010131          0       3490
20010228          0       3490
20010330      -1650       1840
20010430       4250       6090
20010531       3000       9090
20010629          0       9090
20010731          0       9090
20010831          0       9090
20010928      -3300       5790
20011031        980       6770
20011130          0       6770
20011231          0       6770
20020131          0       6770
20020228          0       6770
20020328          0       6770
20020430          0       6770
20020531          0       6770
20020628          0       6770
20020731      -6190        580
20020830          0        580
20020930          0        580
20021031          0        580
20021129          0        580
20021231          0        580
20030131          0        580
20030228       1110       1690
20030331      -2120       -430
20030430          0       -430
20030530      -3150      -3580
20030630      -1270      -4850
20030731       -780      -5630
20030829      -1750      -7380
20030930        670      -6710
20031031      -2450      -9160
20031128      -1020     -10180
20031231          0     -10180
20040130        170     -10010
20040227      -2260     -12270
20040331          0     -12270
20040430          0     -12270
20040528       2560      -9710
20040630          0      -9710
20040730          0      -9710
20040831       2550      -7160
20040930          0      -7160
20041029          0      -7160
20041130      -1250      -8410
20041231      -1780     -10190
20050131          0     -10190
20050228          0     -10190
20050331          0     -10190
20050429        550      -9640
20050531       2620      -7020
20050630        710      -6310
20050729      -3250      -9560
20050831       1850      -7710
20050930          0      -7710
20051031       2610      -5100
20051130       1630      -3470
20051230      -1480      -4950
20060131       -810      -5760
20060228       -250      -6010
20060331          0      -6010
20060428          0      -6010
20060531       -460      -6470
20060630        370      -6100
20060731          0      -6100
20060831          0      -6100
20060929          0      -6100
20061031          0      -6100
20061130          0      -6100
20061229          0      -6100
20070131          0      -6100
20070228       2050      -4050
20070330       4430        380
20070430       1320       1700
20070531      -3090      -1390
20070629       3690       2300
20070731      -1230       1070
20070831      -1410       -340
20070928          0       -340
20071031          0       -340
20071130       3850       3510
20071231       2080       5590
20080131       1260       6850
20080229        160       7010
20080331          0       7010
20080430          0       7010
20080530        -10       7000
20080630      -1700       5300
20080731      -2570       2730
20080829          0       2730
20080930          0       2730
20081031      -5110      -2380
20081128     -15380     -17760
20081231          0     -17760
20090130          0     -17760
20090227          0     -17760
20090331       7030     -10730
20090430          0     -10730
20090529          0     -10730
20090630          0     -10730
20090731       -620     -11350
20090831      -2910     -14260
20090930       -960     -15220
20091030      -2380     -17600
20091130          0     -17600
20091231       1320     -16280
20100129      -2670     -18950
20100226          0     -18950
20100331      -2370     -21320
20100430      -3300     -24620
20100528       4670     -19950
20100630          0     -19950
20100730          0     -19950
20100831          0     -19950
20100930          0     -19950
20101029       -700     -20650
20101130      -1820     -22470
20101231      -4990     -27460
20110131      -1000     -28460
20110228      -4340     -32800
20110331      -2330     -35130
20110429       -850     -35980
20110531          0     -35980
20110630          0     -35980
20110729       6250     -29730
20110831      -4820     -34550
20110930      -9260     -43810
20111031      -3980     -47790
20111130          0     -47790
20111230          0     -47790
20120131       -190     -47980
20120229      -4030     -52010
20120330      -2360     -54370
20120430          0     -54370
20120531       1140     -53230
20120629      -3880     -57110
20120731          0     -57110
20120831          0     -57110
20120928       2920     -54190
20121031          0     -54190
20121130          0     -54190
20121231       1120     -53070
20130131      -5840     -58910
20130228      -1530     -60440
20130328      -4180     -64620
20130430       -770     -65390
20130531       2880     -62510
20130628       3000     -59510
20130731        790     -58720
20130830      -2620     -61340
20130930          0     -61340
20131031          0     -61340
20131129          0     -61340
20131231          0     -61340
20140131          0     -61340
20140228          0     -61340
20140331          0     -61340
20140430          0     -61340
20140530          0     -61340
20140630      -1490     -62830
20140731       4520     -58310
20140829          0     -58310
20140930          0     -58310
20141031       7610     -50700
20141128       1220     -49480
20141231       4670     -44810
20150130          0     -44810
20150227          0     -44810
20150331          0     -44810
20150430          0     -44810
20150529          0     -44810
20150630          0     -44810
20150731          0     -44810
20150831       6750     -38060
20150930       2250     -35810
20151030          0     -35810
20151130          0     -35810
20151231          0     -35810
20160129      -2110     -37920
20160229      -6640     -44560
20160331      -2670     -47230
20160401          0     -47230
------------------------------
------------------------------
Sys Name : RSISystem
Mkt Symb : ES
Profit/Loss : -9037.5
Num Trades : 90
Percent Wins : 1.256
Avg Win  : 791.92
Avg Loss : -1470.52
Avg Trade: -100.42
MAX DrawDown: 30512.5
------------------------------
20000531          0          0
20000630          0          0
20000731          0          0
20000831          0          0
20000929          0          0
20001031      -2425      -2425
20001130          0      -2425
20001229          0      -2425
20010131          0      -2425
20010228       -725      -3150
20010330       -488      -3638
20010430       4375        738
20010531          0        738
20010629          0        738
20010731          0        738
20010831          0        738
20010928      -2588      -1850
20011031       1438       -412
20011130          0       -412
20011231          0       -412
20020131          0       -412
20020228          0       -412
20020328          0       -412
20020430        612        200
20020531       -488       -288
20020628      -1538      -1825
20020731       1238       -588
20020830       -388       -975
20020930          0       -975
20021031          0       -975
20021129          0       -975
20021231          0       -975
20030131          0       -975
20030228          0       -975
20030331          0       -975
20030430          0       -975
20030530          0       -975
20030630       -888      -1862
20030731       -800      -2662
20030829       -925      -3588
20030930        800      -2788
20031031      -2425      -5212
20031128          0      -5212
20031231       -988      -6200
20040130      -2412      -8612
20040227          0      -8612
20040331          0      -8612
20040430          0      -8612
20040528          0      -8612
20040630          0      -8612
20040730          0      -8612
20040831       1912      -6700
20040930          0      -6700
20041029          0      -6700
20041130       -325      -7025
20041231      -1412      -8438
20050131          0      -8438
20050228          0      -8438
20050331          0      -8438
20050429        750      -7688
20050531       1538      -6150
20050630          0      -6150
20050729          0      -6150
20050831          0      -6150
20050930          0      -6150
20051031       1062      -5088
20051130       1375      -3712
20051230        225      -3488
20060131      -1950      -5438
20060228          0      -5438
20060331          0      -5438
20060428          0      -5438
20060531        150      -5288
20060630        525      -4762
20060731          0      -4762
20060831          0      -4762
20060929          0      -4762
20061031      -1088      -5850
20061130       -912      -6762
20061229      -1250      -8012
20070131          0      -8012
20070228        862      -7150
20070330        500      -6650
20070430        988      -5662
20070531      -1812      -7475
20070629          0      -7475
20070731        200      -7275
20070831      -2475      -9750
20070928          0      -9750
20071031          0      -9750
20071130          0      -9750
20071231          0      -9750
20080131       1988      -7762
20080229      -2412     -10175
20080331      -1262     -11438
20080430          0     -11438
20080530          0     -11438
20080630       -175     -11612
20080731      -3488     -15100
20080829          0     -15100
20080930          0     -15100
20081031       -950     -16050
20081128      -7838     -23888
20081231          0     -23888
20090130          0     -23888
20090227       -538     -24425
20090331       3625     -20800
20090430          0     -20800
20090529          0     -20800
20090630          0     -20800
20090731       -338     -21138
20090831      -2075     -23212
20090930        525     -22688
20091030      -1838     -24525
20091130          0     -24525
20091231          0     -24525
20100129          0     -24525
20100226          0     -24525
20100331       -988     -25512
20100430       -550     -26062
20100528       3725     -22338
20100630          0     -22338
20100730       3738     -18600
20100831          0     -18600
20100930          0     -18600
20101029       -275     -18875
20101130        212     -18662
20101231      -3288     -21950
20110131      -1838     -23788
20110228      -1838     -25625
20110331       3262     -22362
20110429          0     -22362
20110531          0     -22362
20110630          0     -22362
20110729          0     -22362
20110831        238     -22125
20110930      -4275     -26400
20111031       4562     -21838
20111130          0     -21838
20111230          0     -21838
20120131        112     -21725
20120229      -2762     -24488
20120330      -1912     -26400
20120430          0     -26400
20120531        400     -26000
20120629      -1862     -27862
20120731          0     -27862
20120831          0     -27862
20120928        188     -27675
20121031       1375     -26300
20121130       3825     -22475
20121231          0     -22475
20130131       -875     -23350
20130228      -1162     -24512
20130328       -612     -25125
20130430      -1100     -26225
20130531        925     -25300
20130628       2738     -22562
20130731          0     -22562
20130830       2312     -20250
20130930       2175     -18075
20131031       1050     -17025
20131129      -1938     -18962
20131231          0     -18962
20140131       3162     -15800
20140228       4112     -11688
20140331          0     -11688
20140430          0     -11688
20140530          0     -11688
20140630      -1150     -12838
20140731       1388     -11450
20140829      -3338     -14788
20140930          0     -14788
20141031       6562      -8225
20141128       -812      -9038
20141231       3350      -5688
20150130          0      -5688
20150227          0      -5688
20150331          0      -5688
20150430          0      -5688
20150529          0      -5688
20150630          0      -5688
20150731          0      -5688
20150831       -288      -5975
20150930       1338      -4638
20151030          0      -4638
20151130          0      -4638
20151231          0      -4638
20160129      -2925      -7562
20160229          0      -7562
20160331       -700      -8262
20160401       -775      -9038
------------------------------
