Testing from : 20000505 to: 20160401
---------------------------------------------------------------------------------
SysName         Market TotProfit  MaxDD ClsTrdDD AvgWin AvgLoss PerWins TotTrades
RSISystem       NQ        -19230  36565   29140    579   -1141    1.23       117
RSISystem       EM        -47229  74899   74480    900   -2055    1.24       105
RSISystem       ES         -9037  30512   29650    791   -1470    1.26        90
---------------------------------------------------------------------------------
Totals                    -75497 119125
-------------------------------------------------------------------
Combined Monthly Return
Date         Profit Cum.Profit
-------------------------------------------------------------------
20000531       1270       1270
20000630      -2670      -1400
20000731          0      -1400
20000831       -730      -2130
20000929       2340        210
20001031       3355       3565
20001130      -7920      -4355
20001229          0      -4355
20010131          0      -4355
20010228      -1845      -6200
20010330      -6718     -12917
20010430      17215       4298
20010531       3000       7298
20010629          0       7298
20010731          0       7298
20010831          0       7298
20010928      -8088       -790
20011031       6758       5968
20011130        600       6568
20011231      -2560       4008
20020131          0       4008
20020228          0       4008
20020328          0       4008
20020430       1172       5180
20020531      -1358       3823
20020628      -3748         75
20020731      -6353      -6277
20020830       -388      -6665
20020930          0      -6665
20021031          0      -6665
20021129      -1070      -7735
20021231          0      -7735
20030131          0      -7735
20030228       1110      -6625
20030331      -2120      -8745
20030430          0      -8745
20030530      -3150     -11895
20030630      -2078     -13972
20030731      -2560     -16532
20030829      -2675     -19207
20030930        -40     -19247
20031031      -4875     -24122
20031128      -1020     -25142
20031231       -988     -26130
20040130      -2273     -28402
20040227      -1720     -30122
20040331       1085     -29038
20040430        970     -28068
20040528       2560     -25508
20040630          0     -25508
20040730          0     -25508
20040831       5812     -19695
20040930          0     -19695
20041029       -220     -19915
20041130      -2825     -22740
20041231      -4137     -26877
20050131       2310     -24567
20050228       -220     -24787
20050331       -670     -25457
20050429       1520     -23937
20050531       4647     -19290
20050630         80     -19210
20050729      -4290     -23500
20050831       3030     -20470
20050930          0     -20470
20051031       4872     -15598
20051130       2865     -12733
20051230      -1255     -13988
20060131      -1150     -15138
20060228       -250     -15388
20060331          0     -15388
20060428          0     -15388
20060531      -1265     -16653
20060630       1270     -15383
20060731      -2135     -17518
20060831          0     -17518
20060929       -595     -18113
20061031      -1288     -19400
20061130      -1542     -20943
20061229       -515     -21458
20070131          0     -21458
20070228       2913     -18545
20070330       4930     -13615
20070430       2602     -11013
20070531      -5822     -16835
20070629       3690     -13145
20070731        990     -12155
20070831      -3365     -15520
20070928          0     -15520
20071031      -1780     -17300
20071130       5950     -11350
20071231       2610      -8740
20080131       1663      -7078
20080229      -3608     -10685
20080331      -2792     -13478
20080430          0     -13478
20080530      -1020     -14498
20080630      -1875     -16373
20080731      -6058     -22430
20080829          0     -22430
20080930       -845     -23275
20081031     -13120     -36395
20081128     -23218     -59613
20081231          0     -59613
20090130          0     -59613
20090227       -538     -60150
20090331      10655     -49495
20090430          0     -49495
20090529       -260     -49755
20090630       -480     -50235
20090731      -3157     -53393
20090831      -5475     -58868
20090930      -1775     -60643
20091030      -5132     -65775
20091130          0     -65775
20091231       1635     -64140
20100129       -380     -64520
20100226          0     -64520
20100331      -4393     -68913
20100430      -4730     -73643
20100528      11365     -62278
20100630      -1310     -63588
20100730       6102     -57485
20100831          0     -57485
20100930      -1260     -58745
20101029      -3495     -62240
20101130      -1327     -63568
20101231     -10048     -73615
20110131      -4292     -77908
20110228      -5628     -83535
20110331       3628     -79908
20110429       -850     -80758
20110531          0     -80758
20110630          0     -80758
20110729       7375     -73382
20110831       2368     -71015
20110930     -14010     -85025
20111031        582     -84442
20111130          0     -84442
20111230          0     -84442
20120131      -1198     -85640
20120229     -11462     -97102
20120330      -7073    -104175
20120430       2265    -101910
20120531       1925     -99985
20120629      -3922    -103908
20120731        535    -103373
20120831       -150    -103523
20120928       1918    -101605
20121031       1375    -100230
20121130       6050     -94180
20121231       1120     -93060
20130131      -6715     -99775
20130228      -2692    -102467
20130328      -4792    -107260
20130430      -1870    -109130
20130531       3575    -105555
20130628       7838     -97718
20130731        370     -97347
20130830        248     -97100
20130930        145     -96955
20131031      -1755     -98710
20131129      -1938    -100647
20131231      -2165    -102812
20140131       2328    -100485
20140228       4112     -96372
20140331          0     -96372
20140430          0     -96372
20140530          0     -96372
20140630      -4105    -100478
20140731       5423     -95055
20140829      -7368    -102422
20140930        585    -101837
20141031      24553     -77285
20141128      -1588     -78872
20141231       8020     -70852
20150130          0     -70852
20150227         40     -70812
20150331       -790     -71602
20150430          0     -71602
20150529          0     -71602
20150630          0     -71602
20150731          0     -71602
20150831       7278     -64325
20150930       5272     -59052
20151030       -540     -59592
20151130       2985     -56607
20151231          0     -56607
20160129      -8105     -64712
20160229      -6640     -71352
20160331      -3370     -74722
20160401       -775     -75497
