Testing from : 20140902 to: 20160404
---------------------------------------------------------------------------------
SysName         Market TotProfit  MaxDD ClsTrdDD AvgWin AvgLoss PerWins TotTrades
StochSystem     ES         16400   6587    4387   1326   -1283    1.40        15
---------------------------------------------------------------------------------
Totals                     16400   6587
-------------------------------------------------------------------
Combined Monthly Return
Date         Profit Cum.Profit
-------------------------------------------------------------------
20140930       1250       1250
20141031       8738       9988
20141128      -1025       8962
20141231       3700      12662
20150130       3200      15862
20150227      -4875      10988
20150331       2938      13925
20150430       1000      14925
20150529      -2500      12425
20150630       2150      14575
20150731      -3475      11100
20150831          0      11100
20150930          0      11100
20151030          0      11100
20151130       -812      10288
20151231       1762      12050
20160129       5825      17875
20160229        -25      17850
20160331      -1150      16700
20160404       -300      16400
