------------------------------
Sys Name : StochSystem
Mkt Symb : ES
20140903  Sto Short  1 1938.75000       0.00       0.00
20141010     S-Prof  1 1842.50000    4712.50    4712.50
20141017    Sto Buy  1 1829.25000       0.00       0.00
20141030     L-Prof  1 1936.75000    5275.00    9987.50
20141114  Sto Short  1 1986.25000       0.00       0.00
20141120     S-Loss  1 2000.25000    -800.00    9187.50
20141121  Sto Short  1 2010.00000       0.00       0.00
20141205     S-Loss  1 2024.25000    -812.50    8375.00
20141208  Sto Short  1 2007.75000       0.00       0.00
20141216     S-Prof  1 1920.00000    4287.50   12662.50
20141231  Sto Short  1 2007.50000       0.00       0.00
20150212     S-Loss  1 2039.00000   -1675.00   10987.50
20150227  Sto Short  1 2057.75000       0.00       0.00
20150310     S-Prof  1 1997.00000    2937.50   13925.00
20150429  Sto Short  1 2062.00000       0.00       0.00
20150518     S-Loss  1 2089.00000   -1450.00   12475.00
20150526  Sto Short  1 2068.00000       0.00       0.00
20150720     S-Loss  1 2093.50000   -1375.00   11100.00
20151030  Sto Short  1 2055.25000       0.00       0.00
20151103     S-Loss  1 2084.50000   -1562.50    9537.50
20151104  Sto Short  1 2076.25000       0.00       0.00
20160106     S-Prof  1 1976.50000    4887.50   14425.00
20160121    Sto Buy  1 1851.50000       0.00       0.00
20160301     L-Prof  1 1968.50000    5750.00   20175.00
20160308  Sto Short  1 1971.50000       0.00       0.00
20160311     S-Loss  1 2010.50000   -2050.00   18125.00
20160323  Sto Short  1 2028.75000       0.00       0.00
20160330     S-Loss  1 2055.25000   -1425.00   16700.00
20160331  Sto Short  1 2051.50000       0.00       0.00
20160404      S-EOD  1 2057.50000    -400.00   16300.00
