------------------------------
Sys Name : TripleMA
Mkt Symb : W2
Profit/Loss : -26650.0
Num Trades : 52
Percent Wins : 0.365
Avg Win  : 2614.47
Avg Loss : -2312.88
Avg Trade: -512.5
MAX DrawDown: 36825.0
------------------------------
20080430        375        375
20080530       1975       2350
20080630      -8225      -5875
20080731        -25      -5900
20080829      -1775      -7675
20080930       2312      -5362
20081031       7188       1825
20081128       -288       1538
20081231      -2575      -1038
20090130          0      -1038
20090227       2562       1525
20090331       -562        962
20090430      -3838      -2875
20090529      -3025      -5900
20090630      -4938     -10838
20090731       -312     -11150
20090831       2862      -8288
20090930       2062      -6225
20091030      -3100      -9325
20091130        550      -8775
20091231      -3388     -12162
20100129          0     -12162
20100226       -900     -13062
20100331       3438      -9625
20100430      -2125     -11750
20100528        200     -11550
20100630       -400     -11950
20100730        988     -10962
20100831       -325     -11288
20100930      -1825     -13112
20101029      -1050     -14162
20101130      -4950     -19112
20101231      -2638     -21750
20110131       2325     -19425
20110228      -2862     -22288
20110331      -2712     -25000
20110429      -1488     -26488
20110531      -2638     -29125
20110630      10150     -18975
20110729      -2912     -21888
20110831       -562     -22450
20110930       1225     -21225
20111031       -950     -22175
20111130        275     -21900
20111230      -1938     -23838
20120131       1300     -22538
20120229       1275     -21262
20120330      -2875     -24138
20120430         88     -24050
20120531      -3288     -27338
20120629      -2662     -30000
20120731       6550     -23450
20120831       -288     -23738
20120928          0     -23738
20121031          0     -23738
20121130       2688     -21050
20121231       4275     -16775
20130131        -75     -16850
20130228       3388     -13462
20130328       1338     -12125
20130430      -1950     -14075
20130531       1300     -12775
20130628       2825      -9950
20130731       -325     -10275
20130830       1150      -9125
20130930      -1550     -10675
20131031       -688     -11362
20131129      -1162     -12525
20131231       1775     -10750
20140131       2475      -8275
20140228      -3300     -11575
20140331       -550     -12125
20140430         62     -12062
20140530      -5325     -17388
20140630        850     -16538
20140731       2362     -14175
20140829       -700     -14875
20140930       2488     -12388
20141031      -2100     -14488
20141128          0     -14488
20141231       -850     -15338
20150130      -2800     -18138
20150227        325     -17812
20150331         62     -17750
20150430       -825     -18575
20150529       -150     -18725
20150630      -1875     -20600
20150731      -4862     -25462
20150831       -112     -25575
20150930      -1688     -27262
20151030       -238     -27500
20151130        738     -26762
20151231        275     -26488
20160129       -462     -26950
20160229       1575     -25375
20160331      -1275     -26650
20160404          0     -26650
------------------------------
------------------------------
Sys Name : TripleMA
Mkt Symb : SI
Profit/Loss : -75325.0
Num Trades : 81
Percent Wins : 0.222
Avg Win  : 10318.06
Avg Loss : -4145.24
Avg Trade: -929.94
MAX DrawDown: 183960.0
------------------------------
20080430          0          0
20080530        265        265
20080630      -7175      -6910
20080731      -4000     -10910
20080829      -7695     -18605
20080930       7160     -11445
20081031      12725       1280
20081128      -2255       -975
20081231      -1075      -2050
20090130       3010        960
20090227       2600       3560
20090331       3550       7110
20090430          0       7110
20090529       7950      15060
20090630     -10290       4770
20090731          0       4770
20090831       1095       5865
20090930       8675      14540
20091030      -2015      12525
20091130      11185      23710
20091231      -5525      18185
20100129      -3735      14450
20100226     -13770        680
20100331      -1510       -830
20100430       4390       3560
20100528      -1085       2475
20100630      -2670       -195
20100730      -5670      -5865
20100831      -1410      -7275
20100930       9535       2260
20101029      13715      15975
20101130      18015      33990
20101231      13625      47615
20110131     -20760      26855
20110228       7495      34350
20110331      20340      54690
20110429      53450     108140
20110531     -68435      39705
20110630       -875      38830
20110729     -16400      22430
20110831       7430      29860
20110930     -26775       3085
20111031      -7045      -3960
20111130       -135      -4095
20111230      24145      20050
20120131     -29240      -9190
20120229      -3905     -13095
20120330     -22120     -35215
20120430          0     -35215
20120531      11265     -23950
20120629        945     -23005
20120731      -1510     -24515
20120831      -1015     -25530
20120928       4435     -21095
20121031     -16940     -38035
20121130          0     -38035
20121231     -18150     -56185
20130131      -5980     -62165
20130228       -380     -62545
20130328        545     -62000
20130430      20910     -41090
20130531       9710     -31380
20130628      13965     -17415
20130731       -790     -18205
20130830      -3995     -22200
20130930      -5375     -27575
20131031          0     -27575
20131129      -6580     -34155
20131231       3315     -30840
20140131      -3920     -34760
20140228      -8660     -43420
20140331      -7850     -51270
20140430       1820     -49450
20140530       2460     -46990
20140630      -9865     -56855
20140731      -4815     -61670
20140829      -2995     -64665
20140930       9345     -55320
20141031       4755     -50565
20141128       3040     -47525
20141231      -7605     -55130
20150130      -8355     -63485
20150227      -2965     -66450
20150331       1925     -64525
20150430      -1310     -65835
20150529      -3570     -69405
20150630       2665     -66740
20150731       4180     -62560
20150831        950     -61610
20150930        635     -60975
20151030      -6785     -67760
20151130      -5820     -73580
20151231       1565     -72015
20160129      -2300     -74315
20160229          0     -74315
20160331       1590     -72725
20160404      -2600     -75325
------------------------------
------------------------------
Sys Name : TripleMA
Mkt Symb : SM
Profit/Loss : 2850.0
Num Trades : 41
Percent Wins : 0.341
Avg Win  : 3501.43
Avg Loss : -1710.0
Avg Trade: 69.51
MAX DrawDown: 15770.0
------------------------------
20080430       -770       -770
20080530       -300      -1070
20080630      -1070      -2140
20080731      -3500      -5640
20080829          0      -5640
20080930       4080      -1560
20081031       1200       -360
20081128        460        100
20081231      -4320      -4220
20090130        240      -3980
20090227      -4210      -8190
20090331          0      -8190
20090430       4240      -3950
20090529       5200       1250
20090630       3180       4430
20090731      -2860       1570
20090831      -1950       -380
20090930      -1320      -1700
20091030      -1600      -3300
20091130       1810      -1490
20091231       -400      -1890
20100129      -2130      -4020
20100226        790      -3230
20100331        420      -2810
20100430        -50      -2860
20100528      -1130      -3990
20100630       -620      -4610
20100730       3060      -1550
20100831        520      -1030
20100930       1170        140
20101029       3080       3220
20101130         60       3280
20101231       2110       5390
20110131        640       6030
20110228      -3060       2970
20110331          0       2970
20110429       1260       4230
20110531        830       5060
20110630      -1410       3650
20110729      -4210       -560
20110831       2900       2340
20110930      -5940      -3600
20111031      -1090      -4690
20111130       2530      -2160
20111230      -1700      -3860
20120131       -850      -4710
20120229       2950      -1760
20120330       3580       1820
20120430       4330       6150
20120531      -4100       2050
20120629         60       2110
20120731       8180      10290
20120831       3850      14140
20120928      -4650       9490
20121031      -1340       8150
20121130       3300      11450
20121231        310      11760
20130131      -1550      10210
20130228       1240      11450
20130328          0      11450
20130430      -1790       9660
20130531        590      10250
20130628      -1340       8910
20130731       -130       8780
20130830      -1300       7480
20130930      -1930       5550
20131031        740       6290
20131129      -1470       4820
20131231       -820       4000
20140131       -150       3850
20140228       4020       7870
20140331       2160      10030
20140430       2400      12430
20140530        650      13080
20140630      -5000       8080
20140731       -160       7920
20140829       -190       7730
20140930       5180      12910
20141031      -7890       5020
20141128        -20       5000
20141231      -1070       3930
20150130          0       3930
20150227       -490       3440
20150331        -50       3390
20150430        980       4370
20150529       1040       5410
20150630      -1840       3570
20150731      -2340       1230
20150831      -1310        -80
20150930       -490       -570
20151030        640         70
20151130       1170       1240
20151231       2150       3390
20160129       -690       2700
20160229       1100       3800
20160331       -950       2850
20160404          0       2850
------------------------------
------------------------------
Sys Name : TripleMA
Mkt Symb : SP
Profit/Loss : -9200.0
Num Trades : 120
Percent Wins : 0.2
Avg Win  : 31897.92
Avg Loss : -8070.31
Avg Trade: -76.67
MAX DrawDown: 246650.0
------------------------------
20080430          0          0
20080530      -9600      -9600
20080630     -24000     -33600
20080731     -20650     -54250
20080829      -7150     -61400
20080930       4850     -56550
20081031     100850      44300
20081128      36000      80300
20081231       3000      83300
20090130      17550     100850
20090227      44150     145000
20090331     -31950     113050
20090430     -20450      92600
20090529     -16350      76250
20090630        700      76950
20090731     -18750      58200
20090831      17650      75850
20090930      18750      94600
20091030      -9950      84650
20091130      30900     115550
20091231      10350     125900
20100129     -20150     105750
20100226      -4450     101300
20100331      14700     116000
20100430       9100     125100
20100528      -5800     119300
20100630      29900     149200
20100730     -35300     113900
20100831      -1600     112300
20100930     -45650      66650
20101029       8650      75300
20101130        -50      75250
20101231      39200     114450
20110131      14700     129150
20110228      21850     151000
20110331     -26350     124650
20110429      21850     146500
20110531      -7900     138600
20110630     -27150     111450
20110729      -2650     108800
20110831     -11800      97000
20110930      39200     136200
20111031     -87500      48700
20111130      46300      95000
20111230        400      95400
20120131      27800     123200
20120229      28100     151300
20120330      22150     173450
20120430     -16650     156800
20120531          0     156800
20120629     -40800     116000
20120731          0     116000
20120831       3450     119450
20120928      17750     137200
20121031     -13400     123800
20121130          0     123800
20121231      -7250     116550
20130131      14500     131050
20130228      10000     141050
20130328      27500     168550
20130430      14750     183300
20130531      18400     201700
20130628     -19300     182400
20130731        -50     182350
20130830     -36250     146100
20130930      -6600     139500
20131031      46900     186400
20131129      26550     212950
20131231      21650     234600
20140131     -32250     202350
20140228     -16550     185800
20140331      14600     200400
20140430      -2200     198200
20140530       5500     203700
20140630      19550     223250
20140731     -13800     209450
20140829       -650     208800
20140930     -21200     187600
20141031     -26200     161400
20141128       1950     163350
20141231     -30350     133000
20150130          0     133000
20150227       3450     136450
20150331     -23250     113200
20150430     -10750     102450
20150529       7000     109450
20150630       8400     117850
20150731      -2650     115200
20150831     -23400      91800
20150930      19650     111450
20151030     -33100      78350
20151130         50      78400
20151231     -19700      58700
20160129     -40550      18150
20160229      -3050      15100
20160331     -24300      -9200
20160404          0      -9200
------------------------------
------------------------------
Sys Name : TripleMA
Mkt Symb : TU0_E0B.TXT
Profit/Loss : -3897.31
Num Trades : 39
Percent Wins : 0.0
Avg Win  : 0
Avg Loss : -99.93
Avg Trade: -99.93
MAX DrawDown: 3898.2
------------------------------
20080530          0          0
20080630         -0         -0
20080731       -100       -100
20080829          0       -100
20080930          1        -99
20081031          1        -99
20081128          2        -97
20081231          1        -96
20090130         -0        -96
20090227       -100       -196
20090331          1       -196
20090430         -0       -196
20090529       -100       -296
20090630       -101       -397
20090731         -0       -397
20090831       -100       -497
20090930          0       -497
20091030          0       -496
20091130          1       -496
20091231       -101       -596
20100129          0       -596
20100226          0       -596
20100331       -100       -696
20100430          0       -696
20100528          1       -696
20100630          0       -695
20100730          0       -695
20100831          0       -695
20100930          0       -695
20101029          0       -695
20101130       -100       -795
20101231         -0       -795
20110131       -100       -895
20110228         -0       -896
20110331       -100       -996
20110429       -100      -1096
20110531          0      -1095
20110630          0      -1095
20110729          0      -1095
20110831          0      -1094
20110930       -100      -1195
20111031          0      -1195
20111130         -0      -1195
20111230          0      -1195
20120131       -100      -1295
20120229       -100      -1395
20120330         -0      -1395
20120430       -100      -1495
20120531         -0      -1495
20120629       -100      -1595
20120731         -0      -1595
20120831       -100      -1695
20120928          0      -1695
20121031       -100      -1795
20121130       -100      -1895
20121231          0      -1895
20130131       -100      -1995
20130228         -0      -1995
20130328         -0      -1995
20130430       -100      -2095
20130531       -100      -2195
20130628         -0      -2195
20130731       -100      -2295
20130830          0      -2295
20130930       -100      -2396
20131031          0      -2396
20131129          0      -2396
20131231       -100      -2496
20140131         -0      -2496
20140228       -100      -2596
20140331       -100      -2696
20140430          0      -2696
20140530          0      -2696
20140630       -100      -2796
20140731          0      -2796
20140829          0      -2796
20140930       -100      -2896
20141031          0      -2896
20141128       -100      -2996
20141231       -100      -3096
20150130          0      -3096
20150227       -100      -3196
20150331          0      -3196
20150430          0      -3196
20150529       -100      -3296
20150630       -100      -3396
20150731         -0      -3396
20150831       -200      -3596
20150930          0      -3596
20151030         -0      -3596
20151130       -100      -3697
20151231          0      -3696
20160129       -100      -3797
20160229         -0      -3797
20160331       -100      -3897
20160404          0      -3897
------------------------------
------------------------------
Sys Name : TripleMA
Mkt Symb : TY
Profit/Loss : -5628.0
Num Trades : 38
Percent Wins : 0.316
Avg Win  : 2838.75
Avg Loss : -1526.65
Avg Trade: -148.11
MAX DrawDown: 19114.0
------------------------------
20080530        859        859
20080630      -1516       -657
20080731      -1850      -2507
20080829       1281      -1226
20080930       -875      -2101
20081031      -1178      -3279
20081128       6235       2956
20081231       4781       7737
20090130      -2006       5731
20090227          0       5731
20090331       -453       5278
20090430      -1771       3507
20090529       2312       5819
20090630        734       6553
20090731      -2162       4391
20090831      -3006       1385
20090930        344       1729
20091030        281       2010
20091130       1229       3239
20091231      -4319      -1080
20100129       -500      -1580
20100226        197      -1383
20100331      -1241      -2624
20100430          0      -2624
20100528       2765        141
20100630       2672       2813
20100730       1266       4079
20100831       2687       6766
20100930        422       7188
20101029        234       7422
20101130      -1615       5807
20101231      -1531       4276
20110131       -819       3457
20110228      -2218       1239
20110331      -1241         -2
20110429          0         -2
20110531       2891       2889
20110630       -281       2608
20110729       3359       5967
20110831       4344      10311
20110930       1062      11373
20111031      -2069       9304
20111130       -172       9132
20111230       1781      10913
20120131       1125      12038
20120229       -984      11054
20120330      -1192       9862
20120430      -2600       7262
20120531       2000       9262
20120629       -563       8699
20120731       1281       9980
20120831      -2396       7584
20120928       1281       8865
20121031      -1491       7374
20121130      -1319       6055
20121231      -1240       4815
20130131        125       4940
20130228      -1422       3518
20130328       -334       3184
20130430        546       3730
20130531      -1553       2177
20130628        531       2708
20130731        125       2833
20130830      -1209       1624
20130930      -2241       -617
20131031       -250       -867
20131129       -787      -1654
20131231          0      -1654
20140131      -1147      -2801
20140228       -203      -3004
20140331      -1209      -4213
20140430        328      -3885
20140530       1906      -1979
20140630      -1053      -3032
20140731       -297      -3329
20140829       1718      -1611
20140930      -1646      -3257
20141031       -797      -4054
20141128        103      -3951
20141231       -297      -4248
20150130       4078       -170
20150227      -2256      -2426
20150331          0      -2426
20150430       -531      -2957
20150529      -1084      -4041
20150630        141      -3900
20150731        181      -3719
20150831       -422      -4141
20150930       1672      -2469
20151030      -1047      -3516
20151130      -1741      -5257
20151231       -334      -5591
20160129          0      -5591
20160229       1735      -3856
20160331      -1772      -5628
20160404          0      -5628
------------------------------
------------------------------
Sys Name : TripleMA
Mkt Symb : US
Profit/Loss : -10750.3
Num Trades : 55
Percent Wins : 0.345
Avg Win  : 3955.93
Avg Loss : -2386.47
Avg Trade: -195.46
MAX DrawDown: 35306.4
------------------------------
20080530       1984       1984
20080630      -2094       -109
20080731      -1819      -1928
20080829      -2194      -4122
20080930       -141      -4262
20081031      -2225      -6488
20081128       2781      -3706
20081231      10562       6856
20090130      -8538      -1681
20090227          0      -1681
20090331      -4169      -5850
20090430       2469      -3381
20090529       3469         87
20090630       -703       -616
20090731      -1084      -1700
20090831      -4575      -6275
20090930       1000      -5275
20091030      -1319      -6594
20091130          0      -6594
20091231      -7106     -13700
20100129      -3319     -17019
20100226        306     -16713
20100331      -3381     -20094
20100430      -4638     -24731
20100528       4156     -20575
20100630       4844     -15731
20100730       1219     -14513
20100831       7719      -6794
20100930      -1412      -8206
20101029      -4600     -12806
20101130        650     -12156
20101231       2719      -9438
20110131       1500      -7938
20110228      -1312      -9250
20110331        900      -8350
20110429        244      -8106
20110531       3062      -5044
20110630      -1812      -6856
20110729       4619      -2237
20110831       9188       6950
20110930       6594      13544
20111031      -4631       8913
20111130      -1156       7756
20111230       3438      11194
20120131       -288      10906
20120229      -2288       8619
20120330      -1312       7306
20120430      -4325       2981
20120531       3875       6856
20120629      -1750       5106
20120731       3062       8169
20120831      -5538       2631
20120928      -3412       -781
20121031        -75       -856
20121130       -131       -987
20121231      -4044      -5031
20130131       1719      -3313
20130228      -1812      -5125
20130328       2369      -2756
20130430        250      -2506
20130531      -4450      -6956
20130628       2156      -4800
20130731       1781      -3019
20130830        719      -2300
20130930      -1469      -3769
20131031        275      -3494
20131129      -3700      -7194
20131231        375      -6819
20140131      -4100     -10919
20140228       1281      -9637
20140331        156      -9481
20140430       1719      -7762
20140530       3312      -4450
20140630      -1538      -5987
20140731         31      -5956
20140829       4125      -1831
20140930      -3444      -5275
20141031       -938      -6212
20141128        806      -5406
20141231       2719      -2688
20150130       6719       4031
20150227      -5225      -1194
20150331        406       -788
20150430      -4100      -4888
20150529      -6013     -10900
20150630       4781      -6119
20150731      -2444      -8563
20150831      -1594     -10156
20150930      -2319     -12475
20151030         31     -12444
20151130      -3825     -16269
20151231        -69     -16338
20160129       3469     -12869
20160229       4844      -8025
20160331      -2725     -10750
20160404          0     -10750
------------------------------
