------------------------------
Sys Name : TripleMA
Mkt Symb : W2
20080429  TMA Short  1 1359.50000       0.00       0.00
20080611   S-MMLoss  1 1420.00000   -3125.00   -3125.00
20080612  TMA Short  1 1402.00000       0.00       0.00
20080618  S-avg1>av  1 1455.00000   -2750.00   -5875.00
20080723  TMA Short  1 1315.75000       0.00       0.00
20080813   S-MMLoss  1 1382.75000   -3450.00   -9325.00
20080814  TMA Short  1 1397.00000       0.00       0.00
20080826  S-avg1>av  1 1362.00000    1650.00   -7675.00
20080911  TMA Short  1 1233.75000       0.00       0.00
20081231  S-avg1>av  1 1099.00000    6637.50   -1037.50
20090205  TMA Short  1 1050.00000       0.00       0.00
20090403  S-avg1>av  1 1040.75000     362.50    -675.00
20090420  TMA Short  1 981.75000       0.00       0.00
20090424  S-avg1>av  1 1009.25000   -1475.00   -2150.00
20090428  TMA Short  1 988.00000       0.00       0.00
20090508   S-MMLoss  1 1057.00000   -3550.00   -5700.00
20090511  TMA Short  1 1056.75000       0.00       0.00
20090512  S-avg1>av  1 1058.75000    -200.00   -5900.00
20090529    TMA Buy  1 1103.25000       0.00       0.00
20090615   L-MMLoss  1 1041.25000   -3200.00   -9100.00
20090616    TMA Buy  1 1031.75000       0.00       0.00
20090625  Lavg1<avg  1 999.00000   -1737.50  -10837.50
20090722  TMA Short  1 958.75000       0.00       0.00
20091020  S-avg1>av  1 926.50000    1512.50   -9325.00
20091123    TMA Buy  1 966.25000       0.00       0.00
20091222  Lavg1<avg  1 911.50000   -2837.50  -12162.50
20100202  TMA Short  1 875.75000       0.00       0.00
20100430  S-avg1>av  1 865.50000     412.50  -11750.00
20100526  TMA Short  1 824.25000       0.00       0.00
20100707  S-avg1>av  1 878.50000   -2812.50  -14562.50
20100726    TMA Buy  1 937.50000       0.00       0.00
20100923  Lavg1<avg  1 1014.50000    3750.00  -10812.50
20100924    TMA Buy  1 1037.25000       0.00       0.00
20101001   L-MMLoss  1 972.25000   -3350.00  -14162.50
20101108    TMA Buy  1 1053.50000       0.00       0.00
20101112   L-MMLoss  1 986.50000   -3450.00  -17612.50
20101115    TMA Buy  1 990.00000       0.00       0.00
20101124  Lavg1<avg  1 964.75000   -1362.50  -18975.00
20101124  TMA Short  1 964.75000       0.00       0.00
20101202   S-MMLoss  1 1025.50000   -3137.50  -22112.50
20101203  TMA Short  1 1056.00000       0.00       0.00
20101215  S-avg1>av  1 1041.75000     612.50  -21500.00
20101229    TMA Buy  1 1076.25000       0.00       0.00
20110307  Lavg1<avg  1 1044.25000   -1700.00  -23200.00
20110330  TMA Short  1 970.75000       0.00       0.00
20110404   S-MMLoss  1 1033.50000   -3237.50  -26437.50
20110405  TMA Short  1 1029.75000       0.00       0.00
20110419  S-avg1>av  1 1028.75000     -50.00  -26487.50
20110516  TMA Short  1 944.25000       0.00       0.00
20110518   S-MMLoss  1 1024.75000   -4125.00  -30612.50
20110519  TMA Short  1 1019.75000       0.00       0.00
20110804  S-avg1>av  1 854.50000    8162.50  -22450.00
20110922  TMA Short  1 777.50000       0.00       0.00
20111114  S-avg1>av  1 759.50000     800.00  -21650.00
20111121  TMA Short  1 735.25000       0.00       0.00
20120106  S-avg1>av  1 751.00000    -887.50  -22537.50
20120213    TMA Buy  1 767.50000       0.00       0.00
20120329  Lavg1<avg  1 737.50000   -1600.00  -24137.50
20120404    TMA Buy  1 764.25000       0.00       0.00
20120409  Lavg1<avg  1 768.00000      87.50  -24050.00
20120504  TMA Short  1 729.50000       0.00       0.00
20120518   S-MMLoss  1 815.25000   -4387.50  -28437.50
20120521  TMA Short  1 824.00000       0.00       0.00
20120525  S-avg1>av  1 800.00000    1100.00  -27337.50
20120621  TMA Short  1 781.75000       0.00       0.00
20120625   S-MMLoss  1 844.25000   -3225.00  -30562.50
20120628    TMA Buy  1 849.25000       0.00       0.00
20120830  Lavg1<avg  1 987.75000    6825.00  -23737.50
20121108  TMA Short  1 987.25000       0.00       0.00
20130515  S-avg1>av  1 756.75000   11425.00  -12312.50
20130516  TMA Short  1 750.75000       0.00       0.00
20130517  S-avg1>av  1 746.25000     125.00  -12187.50
20130528  TMA Short  1 756.75000       0.00       0.00
20130927  S-avg1>av  1 724.50000    1512.50  -10675.00
20131029    TMA Buy  1 722.75000       0.00       0.00
20131111  Lavg1<avg  1 687.75000   -1850.00  -12525.00
20131211  TMA Short  1 676.25000       0.00       0.00
20140224  S-avg1>av  1 655.25000     950.00  -11575.00
20140325    TMA Buy  1 746.50000       0.00       0.00
20140428  Lavg1<avg  1 738.75000    -487.50  -12062.50
20140506    TMA Buy  1 769.25000       0.00       0.00
20140515   L-MMLoss  1 708.50000   -3137.50  -15200.00
20140516    TMA Buy  1 704.50000       0.00       0.00
20140529  Lavg1<avg  1 662.75000   -2187.50  -17387.50
20140620  TMA Short  1 615.50000       0.00       0.00
20140825  S-avg1>av  1 563.25000    2512.50  -14875.00
20140909  TMA Short  1 536.25000       0.00       0.00
20141024  S-avg1>av  1 526.50000     387.50  -14487.50
20141201    TMA Buy  1 613.50000       0.00       0.00
20150114   L-MMLoss  1 544.50000   -3550.00  -18037.50
20150115    TMA Buy  1 539.50000       0.00       0.00
20150116  Lavg1<avg  1 539.50000    -100.00  -18137.50
20150219  TMA Short  1 534.50000       0.00       0.00
20150401  S-avg1>av  1 543.50000    -550.00  -18687.50
20150428  TMA Short  1 491.75000       0.00       0.00
20150602  S-avg1>av  1 528.00000   -1912.50  -20600.00
20150630    TMA Buy  1 626.00000       0.00       0.00
20150717   L-MMLoss  1 564.25000   -3187.50  -23787.50
20150720    TMA Buy  1 543.00000       0.00       0.00
20150803  Lavg1<avg  1 509.25000   -1787.50  -25575.00
20150902  TMA Short  1 484.00000       0.00       0.00
20151005  S-avg1>av  1 520.50000   -1925.00  -27500.00
20151110  TMA Short  1 495.75000       0.00       0.00
20160329  S-avg1>av  1 476.75000     850.00  -26650.00
------------------------------
Sys Name : TripleMA
Mkt Symb : SI
20080514  TMA Short  1 1839.30000       0.00       0.00
20080520   S-MMLoss  1 1950.50000   -5660.00   -5660.00
20080521  TMA Short  1 1983.00000       0.00       0.00
20080606  S-avg1>av  1 1921.00000    3000.00   -2660.00
20080623  TMA Short  1 1857.00000       0.00       0.00
20080627   S-MMLoss  1 1940.00000   -4250.00   -6910.00
20080630  TMA Short  1 1920.00000       0.00       0.00
20080701   S-MMLoss  1 1998.00000   -4000.00  -10910.00
20080801    TMA Buy  1 1921.00000       0.00       0.00
20080805   L-MMLoss  1 1826.20000   -4840.00  -15750.00
20080806    TMA Buy  1 1819.50000       0.00       0.00
20080808   L-MMLoss  1 1702.00000   -5975.00  -21725.00
20080814  TMA Short  1 1592.00000       0.00       0.00
20081211  S-avg1>av  1 1196.50000   19675.00   -2050.00
20090128    TMA Buy  1 1350.30000       0.00       0.00
20090320  Lavg1<avg  1 1535.50000    9160.00    7110.00
20090513    TMA Buy  1 1551.40000       0.00       0.00
20090630  Lavg1<avg  1 1506.60000   -2340.00    4770.00
20090807    TMA Buy  1 1613.40000       0.00       0.00
20090817   L-MMLoss  1 1544.10000   -3565.00    1205.00
20090818    TMA Buy  1 1542.60000       0.00       0.00
20091224  Lavg1<avg  1 1884.20000   16980.00   18185.00
20100125    TMA Buy  1 1854.70000       0.00       0.00
20100127   L-MMLoss  1 1784.20000   -3625.00   14560.00
20100128    TMA Buy  1 1761.40000       0.00       0.00
20100204   L-MMLoss  1 1675.20000   -4410.00   10150.00
20100205  TMA Short  1 1623.20000       0.00       0.00
20100209   S-MMLoss  1 1683.70000   -3125.00    7025.00
20100210  TMA Short  1 1670.20000       0.00       0.00
20100216   S-MMLoss  1 1755.00000   -4340.00    2685.00
20100217  TMA Short  1 1750.00000       0.00       0.00
20100302   S-MMLoss  1 1844.40000   -4820.00   -2135.00
20100303  TMA Short  1 1870.90000       0.00       0.00
20100312  S-avg1>av  1 1842.80000    1305.00    -830.00
20100419    TMA Buy  1 1911.10000       0.00       0.00
20100610  Lavg1<avg  1 1970.10000    2850.00    2020.00
20100625    TMA Buy  1 2046.00000       0.00       0.00
20100701   L-MMLoss  1 1909.90000   -6905.00   -4885.00
20100702    TMA Buy  1 1902.80000       0.00       0.00
20100719  Lavg1<avg  1 1885.20000    -980.00   -5865.00
20100812  TMA Short  1 1937.40000       0.00       0.00
20100819  S-avg1>av  1 1963.60000   -1410.00   -7275.00
20100907    TMA Buy  1 2118.80000       0.00       0.00
20110125  Lavg1<avg  1 2803.40000   34130.00   26855.00
20110218    TMA Buy  1 3352.50000       0.00       0.00
20110519  Lavg1<avg  1 3611.50000   12850.00   39705.00
20110624  TMA Short  1 3582.10000       0.00       0.00
20110705   S-MMLoss  1 3657.40000   -3865.00   35840.00
20110706  TMA Short  1 3708.00000       0.00       0.00
20110707   S-MMLoss  1 3770.00000   -3200.00   32640.00
20110708  TMA Short  1 3770.70000       0.00       0.00
20110713   S-MMLoss  1 3931.50000   -8140.00   24500.00
20110714  TMA Short  1 3985.80000       0.00       0.00
20110718   S-MMLoss  1 4150.60000   -8340.00   16160.00
20110719  TMA Short  1 4138.50000       0.00       0.00
20110721  S-avg1>av  1 4011.10000    6270.00   22430.00
20110822    TMA Buy  1 4448.90000       0.00       0.00
20110823   L-MMLoss  1 4345.50000   -5270.00   17160.00
20110824    TMA Buy  1 4032.60000       0.00       0.00
20110922   L-MMLoss  1 3767.60000  -13350.00    3810.00
20110923    TMA Buy  1 3119.90000       0.00       0.00
20110926  Lavg1<avg  1 3107.40000    -725.00    3085.00
20111012  TMA Short  1 3388.70000       0.00       0.00
20111027   S-MMLoss  1 3621.00000  -11715.00   -8630.00
20111028  TMA Short  1 3638.60000       0.00       0.00
20111109  S-avg1>av  1 3545.90000    4535.00   -4095.00
20111206  TMA Short  1 3374.50000       0.00       0.00
20120126   S-MMLoss  1 3474.40000   -5095.00   -9190.00
20120224    TMA Buy  1 3633.90000       0.00       0.00
20120229   L-MMLoss  1 3557.80000   -3905.00  -13095.00
20120301    TMA Buy  1 3659.70000       0.00       0.00
20120302   L-MMLoss  1 3546.10000   -5780.00  -18875.00
20120305    TMA Buy  1 3463.10000       0.00       0.00
20120306   L-MMLoss  1 3371.90000   -4660.00  -23535.00
20120307    TMA Buy  1 3452.10000       0.00       0.00
20120314   L-MMLoss  1 3311.70000   -7120.00  -30655.00
20120315    TMA Buy  1 3366.20000       0.00       0.00
20120320   L-MMLoss  1 3277.00000   -4560.00  -35215.00
20120503  TMA Short  1 3088.20000       0.00       0.00
20120809  S-avg1>av  1 2892.50000    9685.00  -25530.00
20120907    TMA Buy  1 3443.90000       0.00       0.00
20121015   L-MMLoss  1 3349.20000   -4835.00  -30365.00
20121016    TMA Buy  1 3370.80000       0.00       0.00
20121019   L-MMLoss  1 3284.60000   -4410.00  -34775.00
20121022    TMA Buy  1 3300.10000       0.00       0.00
20121024   L-MMLoss  1 3236.90000   -3260.00  -38035.00
20121130    TMA Buy  1 3394.50000       0.00       0.00
20121213   L-MMLoss  1 3302.10000   -4720.00  -42755.00
20121214    TMA Buy  1 3296.50000       0.00       0.00
20121218   L-MMLoss  1 3233.50000   -3250.00  -46005.00
20121219    TMA Buy  1 3178.20000       0.00       0.00
20121220   L-MMLoss  1 3034.40000   -7290.00  -53295.00
20121221    TMA Buy  1 3086.90000       0.00       0.00
20121224  Lavg1<avg  1 3056.30000   -1630.00  -54925.00
20121228  TMA Short  1 3064.10000       0.00       0.00
20130102   S-MMLoss  1 3167.30000   -5260.00  -60185.00
20130103  TMA Short  1 3138.60000       0.00       0.00
20130115   S-MMLoss  1 3219.50000   -4145.00  -64330.00
20130116  TMA Short  1 3220.80000       0.00       0.00
20130122   S-MMLoss  1 3284.30000   -3275.00  -67605.00
20130123  TMA Short  1 3310.50000       0.00       0.00
20130204  S-avg1>av  1 3238.20000    3515.00  -64090.00
20130221  TMA Short  1 2936.50000       0.00       0.00
20130809  S-avg1>av  1 2096.70000   41890.00  -22200.00
20130911    TMA Buy  1 2368.20000       0.00       0.00
20130912   L-MMLoss  1 2265.90000   -5215.00  -27415.00
20130913    TMA Buy  1 2223.00000       0.00       0.00
20130930  Lavg1<avg  1 2221.80000    -160.00  -27575.00
20131031    TMA Buy  1 2237.70000       0.00       0.00
20131112   L-MMLoss  1 2128.80000   -5545.00  -33120.00
20131113    TMA Buy  1 2095.20000       0.00       0.00
20131118  Lavg1<avg  1 2086.70000    -525.00  -33645.00
20131125  TMA Short  1 2039.20000       0.00       0.00
20140115  S-avg1>av  1 2059.50000   -1115.00  -34760.00
20140204  TMA Short  1 1988.30000       0.00       0.00
20140205  S-avg1>av  1 2026.60000   -2015.00  -36775.00
20140210  TMA Short  1 2057.30000       0.00       0.00
20140214   S-MMLoss  1 2188.20000   -6645.00  -43420.00
20140312    TMA Buy  1 2178.10000       0.00       0.00
20140320   L-MMLoss  1 2085.30000   -4740.00  -48160.00
20140321    TMA Buy  1 2073.30000       0.00       0.00
20140327   L-MMLoss  1 2013.10000   -3110.00  -51270.00
20140429  TMA Short  1 1991.10000       0.00       0.00
20140619   S-MMLoss  1 2102.10000   -5650.00  -56920.00
20140620  TMA Short  1 2132.20000       0.00       0.00
20140623  S-avg1>av  1 2128.90000      65.00  -56855.00
20140717    TMA Buy  1 2145.00000       0.00       0.00
20140724   L-MMLoss  1 2073.10000   -3695.00  -60550.00
20140725    TMA Buy  1 2095.20000       0.00       0.00
20140805   L-MMLoss  1 2014.90000   -4115.00  -64665.00
20140910  TMA Short  1 1916.70000       0.00       0.00
20141212  S-avg1>av  1 1724.00000    9535.00  -55130.00
20150107  TMA Short  1 1672.70000       0.00       0.00
20150113   S-MMLoss  1 1733.90000   -3160.00  -58290.00
20150114  TMA Short  1 1717.10000       0.00       0.00
20150116   S-MMLoss  1 1793.30000   -3910.00  -62200.00
20150120  TMA Short  1 1813.90000       0.00       0.00
20150121  S-avg1>av  1 1837.60000   -1285.00  -63485.00
20150211    TMA Buy  1 1694.40000       0.00       0.00
20150224  Lavg1<avg  1 1637.10000   -2965.00  -66450.00
20150324  TMA Short  1 1712.50000       0.00       0.00
20150407  S-avg1>av  1 1698.20000     615.00  -65835.00
20150430  TMA Short  1 1626.30000       0.00       0.00
20150513   S-MMLoss  1 1733.10000   -5440.00  -71275.00
20150514  TMA Short  1 1757.50000       0.00       0.00
20150519  S-avg1>av  1 1718.10000    1870.00  -69405.00
20150615  TMA Short  1 1619.30000       0.00       0.00
20150828  S-avg1>av  1 1461.40000    7795.00  -61610.00
20150910  TMA Short  1 1471.00000       0.00       0.00
20151002   S-MMLoss  1 1532.80000   -3190.00  -64800.00
20151005  TMA Short  1 1577.30000       0.00       0.00
20151006  S-avg1>av  1 1604.90000   -1480.00  -66280.00
20151027    TMA Buy  1 1592.80000       0.00       0.00
20151103   L-MMLoss  1 1530.40000   -3220.00  -69500.00
20151104    TMA Buy  1 1512.30000       0.00       0.00
20151109   L-MMLoss  1 1447.80000   -3325.00  -72825.00
20151110    TMA Buy  1 1442.10000       0.00       0.00
20151112  Lavg1<avg  1 1429.00000    -755.00  -73580.00
20151208  TMA Short  1 1414.10000       0.00       0.00
20160129  S-avg1>av  1 1426.80000    -735.00  -74315.00
20160303    TMA Buy  1 1514.60000       0.00       0.00
20160404      L-EOD  1 1494.40000   -1110.00  -75425.00
------------------------------
Sys Name : TripleMA
Mkt Symb : SM
20080428  TMA Short  1 623.90000       0.00       0.00
20080430  S-avg1>av  1 630.60000    -770.00    -770.00
20080512  TMA Short  1 626.90000       0.00       0.00
20080605   S-MMLoss  1 661.90000   -3600.00   -4370.00
20080620    TMA Buy  1 700.10000       0.00       0.00
20080731  Lavg1<avg  1 688.40000   -1270.00   -5640.00
20080910  TMA Short  1 638.70000       0.00       0.00
20081118  S-avg1>av  1 580.30000    5740.00     100.00
20081201  TMA Short  1 564.60000       0.00       0.00
20081223   S-MMLoss  1 595.50000   -3190.00   -3090.00
20081224  TMA Short  1 602.00000       0.00       0.00
20081230  S-avg1>av  1 612.30000   -1130.00   -4220.00
20090127    TMA Buy  1 623.60000       0.00       0.00
20090218   L-MMLoss  1 592.40000   -3220.00   -7440.00
20090219    TMA Buy  1 591.50000       0.00       0.00
20090220  Lavg1<avg  1 585.00000    -750.00   -8190.00
20090331    TMA Buy  1 614.10000       0.00       0.00
20090717  Lavg1<avg  1 712.70000    9760.00    1570.00
20090811    TMA Buy  1 747.70000       0.00       0.00
20090817   L-MMLoss  1 715.90000   -3280.00   -1710.00
20090818    TMA Buy  1 718.20000       0.00       0.00
20090909  Lavg1<avg  1 719.30000      10.00   -1700.00
20091006  TMA Short  1 711.50000       0.00       0.00
20091020  S-avg1>av  1 726.50000   -1600.00   -3300.00
20091116    TMA Buy  1 738.40000       0.00       0.00
20100112  Lavg1<avg  1 732.20000    -720.00   -4020.00
20100216  TMA Short  1 730.30000       0.00       0.00
20100409  S-avg1>av  1 717.70000    1160.00   -2860.00
20100511    TMA Buy  1 734.20000       0.00       0.00
20100526  Lavg1<avg  1 723.90000   -1130.00   -3990.00
20100622    TMA Buy  1 743.30000       0.00       0.00
20101209  Lavg1<avg  1 816.00000    7170.00    3180.00
20101217    TMA Buy  1 823.10000       0.00       0.00
20110224  Lavg1<avg  1 822.00000    -210.00    2970.00
20110331  TMA Short  1 837.80000       0.00       0.00
20110603  S-avg1>av  1 830.00000     680.00    3650.00
20110630  TMA Short  1 795.80000       0.00       0.00
20110714   S-MMLoss  1 827.70000   -3290.00     360.00
20110715  TMA Short  1 830.80000       0.00       0.00
20110726  S-avg1>av  1 834.20000    -440.00     -80.00
20110727    TMA Buy  1 828.50000       0.00       0.00
20110923   L-MMLoss  1 795.00000   -3450.00   -3530.00
20110926    TMA Buy  1 795.10000       0.00       0.00
20110927  Lavg1<avg  1 795.40000     -70.00   -3600.00
20111005  TMA Short  1 770.10000       0.00       0.00
20120104  S-avg1>av  1 780.20000   -1110.00   -4710.00
20120209    TMA Buy  1 780.60000       0.00       0.00
20120604  Lavg1<avg  1 849.80000    6820.00    2110.00
20120626    TMA Buy  1 880.50000       0.00       0.00
20121001  Lavg1<avg  1 941.90000    6040.00    8150.00
20121106  TMA Short  1 940.10000       0.00       0.00
20121226  S-avg1>av  1 903.00000    3610.00   11760.00
20130108  TMA Short  1 885.50000       0.00       0.00
20130211  S-avg1>av  1 887.60000    -310.00   11450.00
20130328  TMA Short  1 879.90000       0.00       0.00
20130508  S-avg1>av  1 890.90000   -1200.00   10250.00
20130603    TMA Buy  1 937.70000       0.00       0.00
20130712  Lavg1<avg  1 924.00000   -1470.00    8780.00
20130826    TMA Buy  1 987.00000       0.00       0.00
20130930   L-MMLoss  1 955.70000   -3230.00    5550.00
20131001    TMA Buy  1 953.60000       0.00       0.00
20131009  Lavg1<avg  1 962.00000     740.00    6290.00
20131112    TMA Buy  1 978.00000       0.00       0.00
20131120  Lavg1<avg  1 957.30000   -2170.00    4120.00
20131127    TMA Buy  1 984.00000       0.00       0.00
20140121  Lavg1<avg  1 982.30000    -270.00    3850.00
20140203    TMA Buy  1 999.80000       0.00       0.00
20140619  Lavg1<avg  1 1043.10000    4230.00    8080.00
20140715  TMA Short  1 1003.30000       0.00       0.00
20141027  S-avg1>av  1 1032.90000   -3060.00    5020.00
20141118    TMA Buy  1 1034.10000       0.00       0.00
20141216  Lavg1<avg  1 1024.20000   -1090.00    3930.00
20150223  TMA Short  1 1025.30000       0.00       0.00
20150227  S-avg1>av  1 1029.20000    -490.00    3440.00
20150324  TMA Short  1 1013.10000       0.00       0.00
20150619  S-avg1>av  1 1010.80000     130.00    3570.00
20150709    TMA Buy  1 1050.70000       0.00       0.00
20150812   L-MMLoss  1 1015.20000   -3650.00     -80.00
20150928  TMA Short  1 1007.50000       0.00       0.00
20151029  S-avg1>av  1 1005.00000     150.00      70.00
20151105  TMA Short  1 999.80000       0.00       0.00
20160322  S-avg1>av  1 971.00000    2780.00    2850.00
------------------------------
Sys Name : TripleMA
Mkt Symb : SP
20080514    TMA Buy  1 1236.50000       0.00       0.00
20080521   L-MMLoss  1 1221.60000   -7550.00   -7550.00
20080522    TMA Buy  1 1221.90000       0.00       0.00
20080523   L-MMLoss  1 1202.10000  -10000.00  -17550.00
20080527    TMA Buy  1 1213.40000       0.00       0.00
20080603   L-MMLoss  1 1207.30000   -3150.00  -20700.00
20080604    TMA Buy  1 1206.30000       0.00       0.00
20080606   L-MMLoss  1 1188.20000   -9150.00  -29850.00
20080609    TMA Buy  1 1192.20000       0.00       0.00
20080610   L-MMLoss  1 1184.90000   -3750.00  -33600.00
20080707  TMA Short  1 1078.30000       0.00       0.00
20080708   S-MMLoss  1 1100.20000  -11050.00  -44650.00
20080709  TMA Short  1 1074.50000       0.00       0.00
20080710   S-MMLoss  1 1081.00000   -3350.00  -48000.00
20080711  TMA Short  1 1066.30000       0.00       0.00
20080717   S-MMLoss  1 1079.90000   -6900.00  -54900.00
20080718  TMA Short  1 1086.90000       0.00       0.00
20080722   S-MMLoss  1 1100.70000   -7000.00  -61900.00
20080723  TMA Short  1 1108.90000       0.00       0.00
20080808   S-MMLoss  1 1118.80000   -5050.00  -66950.00
20080811  TMA Short  1 1131.60000       0.00       0.00
20080814  S-avg1>av  1 1120.30000    5550.00  -61400.00
20080911  TMA Short  1 1077.40000       0.00       0.00
20080912   S-MMLoss  1 1083.70000   -3250.00  -64650.00
20080915  TMA Short  1 1021.30000       0.00       0.00
20080916   S-MMLoss  1 1041.40000  -10150.00  -74800.00
20080917  TMA Short  1 988.10000       0.00       0.00
20080918   S-MMLoss  1 1028.40000  -20250.00  -95050.00
20080919  TMA Short  1 1071.20000       0.00       0.00
20081230  S-avg1>av  1 714.30000  178350.00   83300.00
20090122  TMA Short  1 651.60000       0.00       0.00
20090127   S-MMLoss  1 665.30000   -6950.00   76350.00
20090128  TMA Short  1 697.60000       0.00       0.00
20090402  S-avg1>av  1 664.90000   16250.00   92600.00
20090506    TMA Buy  1 746.60000       0.00       0.00
20090507   L-MMLoss  1 736.40000   -5200.00   87400.00
20090508    TMA Buy  1 754.10000       0.00       0.00
20090511   L-MMLoss  1 738.40000   -7950.00   79450.00
20090512    TMA Buy  1 736.20000       0.00       0.00
20090513   L-MMLoss  1 714.70000  -10850.00   68600.00
20090514    TMA Buy  1 718.90000       0.00       0.00
20090515   L-MMLoss  1 712.40000   -3350.00   65250.00
20090518    TMA Buy  1 736.50000       0.00       0.00
20090520   L-MMLoss  1 729.30000   -3700.00   61550.00
20090521    TMA Buy  1 718.10000       0.00       0.00
20090708   L-MMLoss  1 707.10000   -5600.00   55950.00
20090727    TMA Buy  1 813.30000       0.00       0.00
20100204  Lavg1<avg  1 904.20000   45350.00  101300.00
20100309    TMA Buy  1 983.00000       0.00       0.00
20100506   L-MMLoss  1 969.60000   -6800.00   94500.00
20100507    TMA Buy  1 954.20000       0.00       0.00
20100513  Lavg1<avg  1 1004.00000   24800.00  119300.00
20100614  TMA Short  1 937.70000       0.00       0.00
20100615   S-MMLoss  1 960.70000  -11600.00  107700.00
20100616  TMA Short  1 961.10000       0.00       0.00
20100729  S-avg1>av  1 948.50000    6200.00  113900.00
20100830  TMA Short  1 896.60000       0.00       0.00
20100901   S-MMLoss  1 933.20000  -18400.00   95500.00
20100902  TMA Short  1 941.10000       0.00       0.00
20100903   S-MMLoss  1 955.00000   -7050.00   88450.00
20100907  TMA Short  1 942.70000       0.00       0.00
20100908   S-MMLoss  1 950.80000   -4150.00   84300.00
20100909  TMA Short  1 954.00000       0.00       0.00
20100910   S-MMLoss  1 961.30000   -3750.00   80550.00
20100913  TMA Short  1 972.70000       0.00       0.00
20100916   S-MMLoss  1 979.10000   -3300.00   77250.00
20100921    TMA Buy  1 991.20000       0.00       0.00
20100923   L-MMLoss  1 976.90000   -7250.00   70000.00
20100924    TMA Buy  1 999.70000       0.00       0.00
20100930   L-MMLoss  1 993.20000   -3350.00   66650.00
20101001    TMA Buy  1 998.80000       0.00       0.00
20101004   L-MMLoss  1 991.30000   -3850.00   62800.00
20101005    TMA Buy  1 1011.20000       0.00       0.00
20110317  Lavg1<avg  1 1135.10000   61850.00  124650.00
20110412    TMA Buy  1 1174.60000       0.00       0.00
20110418   L-MMLoss  1 1167.40000   -3700.00  120950.00
20110419    TMA Buy  1 1174.90000       0.00       0.00
20110602  Lavg1<avg  1 1178.70000    1800.00  122750.00
20110624  TMA Short  1 1135.60000       0.00       0.00
20110627   S-MMLoss  1 1148.00000   -6300.00  116450.00
20110628  TMA Short  1 1166.20000       0.00       0.00
20110629   S-MMLoss  1 1176.00000   -5000.00  111450.00
20110630  TMA Short  1 1187.20000       0.00       0.00
20110701   S-MMLoss  1 1206.50000   -9750.00  101700.00
20110705  TMA Short  1 1208.40000       0.00       0.00
20110707   S-MMLoss  1 1223.40000   -7600.00   94100.00
20110708  TMA Short  1 1213.50000       0.00       0.00
20110713  S-avg1>av  1 1183.90000   14700.00  108800.00
20110805  TMA Short  1 1069.50000       0.00       0.00
20110829   S-MMLoss  1 1079.80000   -5250.00  103550.00
20110830  TMA Short  1 1076.50000       0.00       0.00
20110831   S-MMLoss  1 1089.40000   -6550.00   97000.00
20110901  TMA Short  1 1073.00000       0.00       0.00
20110915   S-MMLoss  1 1082.50000   -4850.00   92150.00
20110916  TMA Short  1 1090.10000       0.00       0.00
20110922  S-avg1>av  1 1001.80000   44050.00  136200.00
20111003  TMA Short  1 964.60000       0.00       0.00
20111004   S-MMLoss  1 991.90000  -13750.00  122450.00
20111005  TMA Short  1 1013.30000       0.00       0.00
20111006   S-MMLoss  1 1035.90000  -11400.00  111050.00
20111007  TMA Short  1 1033.20000       0.00       0.00
20111010   S-MMLoss  1 1069.20000  -18100.00   92950.00
20111011  TMA Short  1 1067.90000       0.00       0.00
20111012   S-MMLoss  1 1076.50000   -4400.00   88550.00
20111013  TMA Short  1 1076.20000       0.00       0.00
20111014   S-MMLoss  1 1097.50000  -10750.00   77800.00
20111017  TMA Short  1 1072.20000       0.00       0.00
20111018   S-MMLoss  1 1101.40000  -14700.00   63100.00
20111019  TMA Short  1 1084.90000       0.00       0.00
20111021   S-MMLoss  1 1113.50000  -14400.00   48700.00
20111125    TMA Buy  1 1031.70000       0.00       0.00
20111202  Lavg1<avg  1 1121.80000   44950.00   93650.00
20111222    TMA Buy  1 1133.50000       0.00       0.00
20120424  Lavg1<avg  1 1260.00000   63150.00  156800.00
20120601  TMA Short  1 1163.80000       0.00       0.00
20120605   S-MMLoss  1 1175.00000   -5700.00  151100.00
20120606  TMA Short  1 1205.40000       0.00       0.00
20120608   S-MMLoss  1 1218.60000   -6700.00  144400.00
20120611  TMA Short  1 1196.80000       0.00       0.00
20120612   S-MMLoss  1 1216.60000  -10000.00  134400.00
20120613  TMA Short  1 1205.30000       0.00       0.00
20120614   S-MMLoss  1 1222.70000   -8800.00  125600.00
20120615  TMA Short  1 1234.00000       0.00       0.00
20120619   S-MMLoss  1 1247.10000   -6650.00  118950.00
20120620  TMA Short  1 1247.20000       0.00       0.00
20120629  S-avg1>av  1 1252.90000   -2950.00  116000.00
20120808    TMA Buy  1 1294.70000       0.00       0.00
20121026  Lavg1<avg  1 1310.50000    7800.00  123800.00
20121204  TMA Short  1 1308.40000       0.00       0.00
20121206   S-MMLoss  1 1315.90000   -3850.00  119950.00
20121207  TMA Short  1 1318.90000       0.00       0.00
20121211   S-MMLoss  1 1334.40000   -7850.00  112100.00
20121212  TMA Short  1 1330.10000       0.00       0.00
20121213  S-avg1>av  1 1321.00000    4450.00  116550.00
20130114    TMA Buy  1 1371.40000       0.00       0.00
20130621  Lavg1<avg  1 1503.30000   65850.00  182400.00
20130718    TMA Buy  1 1599.80000       0.00       0.00
20130815   L-MMLoss  1 1574.90000  -12550.00  169850.00
20130816    TMA Buy  1 1570.30000       0.00       0.00
20130819   L-MMLoss  1 1564.10000   -3200.00  166650.00
20130820    TMA Buy  1 1569.80000       0.00       0.00
20130821   L-MMLoss  1 1555.70000   -7150.00  159500.00
20130822    TMA Buy  1 1574.00000       0.00       0.00
20130827   L-MMLoss  1 1547.40000  -13400.00  146100.00
20130924    TMA Buy  1 1618.60000       0.00       0.00
20130925   L-MMLoss  1 1611.90000   -3450.00  142650.00
20130926    TMA Buy  1 1618.60000       0.00       0.00
20130927   L-MMLoss  1 1612.50000   -3150.00  139500.00
20130930    TMA Buy  1 1600.40000       0.00       0.00
20131007   L-MMLoss  1 1593.80000   -3400.00  136100.00
20131008    TMA Buy  1 1576.50000       0.00       0.00
20140204  Lavg1<avg  1 1676.10000   49700.00  185800.00
20140303    TMA Buy  1 1775.50000       0.00       0.00
20140410   L-MMLoss  1 1767.20000   -4250.00  181550.00
20140411    TMA Buy  1 1751.80000       0.00       0.00
20140416  Lavg1<avg  1 1792.90000   20450.00  202000.00
20140424    TMA Buy  1 1813.20000       0.00       0.00
20140425   L-MMLoss  1 1800.20000   -6600.00  195400.00
20140428    TMA Buy  1 1806.10000       0.00       0.00
20140429  Lavg1<avg  1 1811.90000    2800.00  198200.00
20140505    TMA Buy  1 1815.90000       0.00       0.00
20140506   L-MMLoss  1 1804.40000   -5850.00  192350.00
20140507    TMA Buy  1 1814.30000       0.00       0.00
20140515   L-MMLoss  1 1807.40000   -3550.00  188800.00
20140516    TMA Buy  1 1814.80000       0.00       0.00
20140520   L-MMLoss  1 1808.20000   -3400.00  185400.00
20140521    TMA Buy  1 1825.00000       0.00       0.00
20140808  Lavg1<avg  1 1872.00000   23400.00  208800.00
20140902    TMA Buy  1 1948.10000       0.00       0.00
20140909   L-MMLoss  1 1938.00000   -5150.00  203650.00
20140910    TMA Buy  1 1943.30000       0.00       0.00
20140912   L-MMLoss  1 1933.10000   -5200.00  198450.00
20140915    TMA Buy  1 1932.60000       0.00       0.00
20140925   L-MMLoss  1 1917.70000   -7550.00  190900.00
20140926    TMA Buy  1 1932.00000       0.00       0.00
20140929   L-MMLoss  1 1925.60000   -3300.00  187600.00
20140930    TMA Buy  1 1921.60000       0.00       0.00
20141001   L-MMLoss  1 1896.90000  -12450.00  175150.00
20141002    TMA Buy  1 1894.70000       0.00       0.00
20141007   L-MMLoss  1 1884.00000   -5450.00  169700.00
20141029  TMA Short  1 1928.30000       0.00       0.00
20141030   S-MMLoss  1 1944.70000   -8300.00  161400.00
20141031  TMA Short  1 1967.50000       0.00       0.00
20141105   S-MMLoss  1 1974.80000   -3750.00  157650.00
20141106  TMA Short  1 1984.10000       0.00       0.00
20141110   S-MMLoss  1 1990.20000   -3150.00  154500.00
20141118    TMA Buy  1 2004.70000       0.00       0.00
20141210   L-MMLoss  1 1982.50000  -11200.00  143300.00
20141211    TMA Buy  1 1987.00000       0.00       0.00
20141212   L-MMLoss  1 1953.30000  -16950.00  126350.00
20141215    TMA Buy  1 1946.10000       0.00       0.00
20141216   L-MMLoss  1 1927.70000   -9300.00  117050.00
20141217    TMA Buy  1 1970.30000       0.00       0.00
20141231  Lavg1<avg  1 2002.40000   15950.00  133000.00
20150217    TMA Buy  1 2045.90000       0.00       0.00
20150306   L-MMLoss  1 2020.80000  -12650.00  120350.00
20150309    TMA Buy  1 2027.70000       0.00       0.00
20150310   L-MMLoss  1 1991.90000  -18000.00  102350.00
20150311    TMA Buy  1 1989.50000       0.00       0.00
20150327  Lavg1<avg  1 2011.40000   10850.00  113200.00
20150422    TMA Buy  1 2059.00000       0.00       0.00
20150430   L-MMLoss  1 2037.70000  -10750.00  102450.00
20150501    TMA Buy  1 2060.40000       0.00       0.00
20150505   L-MMLoss  1 2042.80000   -8900.00   93550.00
20150506    TMA Buy  1 2033.00000       0.00       0.00
20150618  Lavg1<avg  1 2081.80000   24300.00  117850.00
20150730    TMA Buy  1 2070.80000       0.00       0.00
20150803   L-MMLoss  1 2058.00000   -6500.00  111350.00
20150804    TMA Buy  1 2050.00000       0.00       0.00
20150807   L-MMLoss  1 2040.70000   -4750.00  106600.00
20150810    TMA Buy  1 2066.90000       0.00       0.00
20150811   L-MMLoss  1 2046.80000  -10150.00   96450.00
20150812    TMA Buy  1 2051.30000       0.00       0.00
20150819   L-MMLoss  1 2039.80000   -5850.00   90600.00
20150821  TMA Short  1 1938.50000       0.00       0.00
20150827   S-MMLoss  1 1956.40000   -9050.00   81550.00
20150828  TMA Short  1 1956.80000       0.00       0.00
20150916   S-MMLoss  1 1965.30000   -4350.00   77200.00
20150917  TMA Short  1 1954.90000       0.00       0.00
20151007   S-MMLoss  1 1964.90000   -5100.00   72100.00
20151008  TMA Short  1 1984.30000       0.00       0.00
20151013  S-avg1>av  1 1971.60000    6250.00   78350.00
20151118    TMA Buy  1 2057.40000       0.00       0.00
20151203   L-MMLoss  1 2028.90000  -14350.00   64000.00
20151204    TMA Buy  1 2066.10000       0.00       0.00
20151207   L-MMLoss  1 2058.70000   -3800.00   60200.00
20151208    TMA Buy  1 2036.40000       0.00       0.00
20151209   L-MMLoss  1 2019.80000   -8400.00   51800.00
20151210    TMA Buy  1 2027.00000       0.00       0.00
20151211   L-MMLoss  1 1987.50000  -19850.00   31950.00
20151214    TMA Buy  1 1996.10000       0.00       0.00
20151216  Lavg1<avg  1 2049.80000   26750.00   58700.00
20160125  TMA Short  1 1857.50000       0.00       0.00
20160126   S-MMLoss  1 1883.20000  -12950.00   45750.00
20160127  TMA Short  1 1862.40000       0.00       0.00
20160129   S-MMLoss  1 1917.40000  -27600.00   18150.00
20160201  TMA Short  1 1918.60000       0.00       0.00
20160225   S-MMLoss  1 1937.70000   -9650.00    8500.00
20160226  TMA Short  1 1930.00000       0.00       0.00
20160301   S-MMLoss  1 1965.20000  -17700.00   -9200.00
------------------------------
Sys Name : TripleMA
Mkt Symb : TU0_E0B.TXT
20080519  TMA Short  1  97.39060       0.00       0.00
20080711  S-avg1>av  1  97.49220    -100.10    -100.10
20080814    TMA Buy  1  97.99220       0.00       0.00
20090213  Lavg1<avg  1 101.78910     -96.20    -196.30
20090317    TMA Buy  1 101.82030       0.00       0.00
20090508  Lavg1<avg  1 102.12500     -99.70    -296.00
20090514    TMA Buy  1 102.41410       0.00       0.00
20090611  Lavg1<avg  1 101.52340    -100.89    -396.89
20090710    TMA Buy  1 102.64060       0.00       0.00
20090813  Lavg1<avg  1 102.43750    -100.20    -497.09
20090828    TMA Buy  1 102.78130       0.00       0.00
20091230  Lavg1<avg  1 103.48440     -99.30    -596.39
20100128    TMA Buy  1 104.14060       0.00       0.00
20100326  Lavg1<avg  1 104.15630     -99.98    -696.38
20100429    TMA Buy  1 104.44530       0.00       0.00
20101118  Lavg1<avg  1 105.84380     -98.60    -794.98
20101223  TMA Short  1 105.48440       0.00       0.00
20110124  S-avg1>av  1 105.69530    -100.21    -895.19
20110214  TMA Short  1 105.32810       0.00       0.00
20110311  S-avg1>av  1 105.91410    -100.59    -995.77
20110405    TMA Buy  1 105.58590       0.00       0.00
20110413  Lavg1<avg  1 105.81250     -99.77   -1095.55
20110429    TMA Buy  1 106.17970       0.00       0.00
20110928  Lavg1<avg  1 107.10940     -99.07   -1194.62
20111110    TMA Buy  1 107.21880       0.00       0.00
20120118  Lavg1<avg  1 107.27340     -99.95   -1294.56
20120123    TMA Buy  1 107.25780       0.00       0.00
20120223  Lavg1<avg  1 107.15630    -100.10   -1394.66
20120316  TMA Short  1 107.01560       0.00       0.00
20120416  S-avg1>av  1 107.26560    -100.25   -1494.91
20120511    TMA Buy  1 107.31250       0.00       0.00
20120604  Lavg1<avg  1 107.32810     -99.98   -1594.90
20120719    TMA Buy  1 107.40630       0.00       0.00
20120822  Lavg1<avg  1 107.28910    -100.12   -1695.02
20120926    TMA Buy  1 107.28130       0.00       0.00
20121012  Lavg1<avg  1 107.28910     -99.99   -1795.01
20121017  TMA Short  1 107.21090       0.00       0.00
20121121  S-avg1>av  1 107.26560    -100.05   -1895.06
20121219    TMA Buy  1 107.27340       0.00       0.00
20130107  Lavg1<avg  1 107.26560    -100.01   -1995.07
20130226    TMA Buy  1 107.35160       0.00       0.00
20130402  Lavg1<avg  1 107.33590    -100.02   -2095.09
20130404    TMA Buy  1 107.36720       0.00       0.00
20130528  Lavg1<avg  1 107.28130    -100.09   -2195.17
20130624  TMA Short  1 107.06250       0.00       0.00
20130726  S-avg1>av  1 107.35160    -100.29   -2295.46
20130830  TMA Short  1 107.25780       0.00       0.00
20130930  RevShrtLi  1 107.53910    -100.28   -2395.74
20130930    TMA Buy  1 107.53910       0.00       0.00
20131219  Lavg1<avg  1 107.52340    -100.02   -2495.76
20140129  TMA Short  1 107.61720       0.00       0.00
20140204  S-avg1>av  1 107.68750    -100.07   -2595.83
20140228    TMA Buy  1 107.71090       0.00       0.00
20140320  Lavg1<avg  1 107.46880    -100.24   -2696.07
20140422    TMA Buy  1 107.64060       0.00       0.00
20140620  Lavg1<avg  1 107.67970     -99.96   -2796.03
20140801    TMA Buy  1 107.84380       0.00       0.00
20140915  Lavg1<avg  1 107.77340    -100.07   -2896.10
20141008    TMA Buy  1 108.10940       0.00       0.00
20141121  Lavg1<avg  1 108.21880     -99.89   -2995.99
20141215    TMA Buy  1 108.16410       0.00       0.00
20141223  Lavg1<avg  1 107.97660    -100.19   -3096.18
20150116    TMA Buy  1 108.54690       0.00       0.00
20150227  Lavg1<avg  1 108.48440    -100.06   -3196.24
20150324    TMA Buy  1 108.67970       0.00       0.00
20150521  Lavg1<avg  1 108.88280     -99.80   -3296.04
20150603    TMA Buy  1 108.73440       0.00       0.00
20150605  Lavg1<avg  1 108.64060    -100.09   -3396.13
20150706    TMA Buy  1 109.07030       0.00       0.00
20150811  Lavg1<avg  1 109.01560    -100.05   -3496.19
20150820    TMA Buy  1 109.01560       0.00       0.00
20150821  Lavg1<avg  1 109.10940     -99.91   -3596.09
20150824    TMA Buy  1 109.25000       0.00       0.00
20151106  Lavg1<avg  1 108.78130    -100.47   -3696.56
20151201  TMA Short  1 108.82030       0.00       0.00
20160119  S-avg1>av  1 109.05470    -100.23   -3796.80
20160216    TMA Buy  1 109.43750       0.00       0.00
20160310  Lavg1<avg  1 108.92190    -100.52   -3897.31
------------------------------
Sys Name : TripleMA
Mkt Symb : TY
20080527  TMA Short  1 122.03100       0.00       0.00
20080710  S-avg1>av  1 124.43800   -2507.00   -2507.00
20080813    TMA Buy  1 124.17200       0.00       0.00
20081010  Lavg1<avg  1 123.50000    -772.00   -3279.00
20081112    TMA Buy  1 126.60900       0.00       0.00
20090128  Lavg1<avg  1 135.71900    9010.00    5731.00
20090319    TMA Buy  1 138.07800       0.00       0.00
20090428  Lavg1<avg  1 135.21900   -2959.00    2772.00
20090428  TMA Short  1 135.21900       0.00       0.00
20090713  S-avg1>av  1 133.50000    1619.00    4391.00
20090810  TMA Short  1 130.81300       0.00       0.00
20090831  S-avg1>av  1 133.71900   -3006.00    1385.00
20090911    TMA Buy  1 134.48400       0.00       0.00
20091106  Lavg1<avg  1 134.92200     338.00    1723.00
20091119    TMA Buy  1 136.15600       0.00       0.00
20091224  Lavg1<avg  1 133.45300   -2803.00   -1080.00
20100127  TMA Short  1 135.39100       0.00       0.00
20100201  S-avg1>av  1 135.59400    -303.00   -1383.00
20100301    TMA Buy  1 136.54700       0.00       0.00
20100331  Lavg1<avg  1 135.40600   -1241.00   -2624.00
20100430    TMA Buy  1 137.06300       0.00       0.00
20101115  Lavg1<avg  1 145.59400    8431.00    5807.00
20101215  TMA Short  1 140.67200       0.00       0.00
20110128  S-avg1>av  1 142.92200   -2350.00    3457.00
20110210  TMA Short  1 139.89100       0.00       0.00
20110314   S-MMLoss  1 143.25000   -3459.00      -2.00
20110429    TMA Buy  1 144.20300       0.00       0.00
20111014  Lavg1<avg  1 153.60900    9306.00    9304.00
20111115    TMA Buy  1 155.81300       0.00       0.00
20120305  Lavg1<avg  1 157.48400    1571.00   10875.00
20120308    TMA Buy  1 157.51600       0.00       0.00
20120309  Lavg1<avg  1 157.32800    -288.00   10587.00
20120312    TMA Buy  1 157.35900       0.00       0.00
20120313  Lavg1<avg  1 156.73400    -725.00    9862.00
20120403  TMA Short  1 155.53100       0.00       0.00
20120417  S-avg1>av  1 158.03100   -2600.00    7262.00
20120509    TMA Buy  1 159.51600       0.00       0.00
20120816  Lavg1<avg  1 159.93800     322.00    7584.00
20120918    TMA Buy  1 160.81300       0.00       0.00
20121026  Lavg1<avg  1 161.17200     259.00    7843.00
20121026  TMA Short  1 161.17200       0.00       0.00
20121116  RevShrtLi  1 162.79700   -1725.00    6118.00
20121116    TMA Buy  1 162.79700       0.00       0.00
20121226  Lavg1<avg  1 161.59400   -1303.00    4815.00
20130125  TMA Short  1 160.50000       0.00       0.00
20130301  S-avg1>av  1 162.03100   -1631.00    3184.00
20130409    TMA Buy  1 163.06300       0.00       0.00
20130521  Lavg1<avg  1 162.15600   -1007.00    2177.00
20130620  TMA Short  1 158.37500       0.00       0.00
20130809  S-avg1>av  1 158.09400     181.00    2358.00
20130819  TMA Short  1 155.89100       0.00       0.00
20130930  S-avg1>av  1 158.76600   -2975.00    -617.00
20131025    TMA Buy  1 159.98400       0.00       0.00
20131125  Lavg1<avg  1 159.04700   -1037.00   -1654.00
20140113  TMA Short  1 158.21900       0.00       0.00
20140129  S-avg1>av  1 159.26600   -1147.00   -2801.00
20140227    TMA Buy  1 159.95300       0.00       0.00
20140324  Lavg1<avg  1 158.64100   -1412.00   -4213.00
20140428    TMA Buy  1 159.31300       0.00       0.00
20140624  Lavg1<avg  1 160.59400    1181.00   -3032.00
20140715    TMA Buy  1 160.93800       0.00       0.00
20140916  Lavg1<avg  1 160.81300    -225.00   -3257.00
20141013    TMA Buy  1 163.75000       0.00       0.00
20141120  Lavg1<avg  1 163.15600    -694.00   -3951.00
20141210    TMA Buy  1 164.29700       0.00       0.00
20150225  Lavg1<avg  1 165.92200    1525.00   -2426.00
20150331    TMA Buy  1 166.73400       0.00       0.00
20150507  Lavg1<avg  1 165.21900   -1615.00   -4041.00
20150602  TMA Short  1 164.76600       0.00       0.00
20150720  S-avg1>av  1 164.34400     322.00   -3719.00
20150825    TMA Buy  1 166.51600       0.00       0.00
20151106  Lavg1<avg  1 165.07800   -1538.00   -5257.00
20151208  TMA Short  1 165.93800       0.00       0.00
20151221  S-avg1>av  1 166.17200    -334.00   -5591.00
20160201    TMA Buy  1 168.78100       0.00       0.00
20160316  Lavg1<avg  1 168.84400     -37.00   -5628.00
------------------------------
Sys Name : TripleMA
Mkt Symb : US
20080516  TMA Short  1 127.60940       0.00       0.00
20080710  S-avg1>av  1 129.43750   -1928.10   -1928.10
20080811  TMA Short  1 127.68750       0.00       0.00
20080818  RevShrtLi  1 130.04690   -2459.40   -4387.50
20080818    TMA Buy  1 130.04690       0.00       0.00
20081013  Lavg1<avg  1 128.04690   -2100.00   -6487.50
20081120    TMA Buy  1 138.78130       0.00       0.00
20090123  Lavg1<avg  1 143.68750    4806.20   -1681.30
20090316  TMA Short  1 140.31250       0.00       0.00
20090318   S-MMLoss  1 144.62500   -4412.50   -6093.80
20090319  TMA Short  1 144.81250       0.00       0.00
20090324  S-avg1>av  1 144.46880     243.70   -5850.10
20090427  TMA Short  1 140.37500       0.00       0.00
20090709  S-avg1>av  1 136.12500    4150.00   -1700.10
20090806  TMA Short  1 133.25000       0.00       0.00
20090817   S-MMLoss  1 136.45310   -3303.10   -5003.20
20090818  TMA Short  1 136.06250       0.00       0.00
20090825  S-avg1>av  1 137.23440   -1271.90   -6275.10
20090910    TMA Buy  1 138.34380       0.00       0.00
20091030  Lavg1<avg  1 138.12500    -318.80   -6593.90
20091130    TMA Buy  1 141.31250       0.00       0.00
20091204   L-MMLoss  1 137.40630   -4006.20  -10600.10
20091207    TMA Buy  1 137.71880       0.00       0.00
20091222   L-MMLoss  1 134.68750   -3131.30  -13731.40
20091229  TMA Short  1 134.00000       0.00       0.00
20100121   S-MMLoss  1 137.21880   -3318.80  -17050.20
20100122  TMA Short  1 137.43750       0.00       0.00
20100202  S-avg1>av  1 137.00000     337.50  -16712.70
20100308  TMA Short  1 136.50000       0.00       0.00
20100317  RevShrtLi  1 138.00000   -1600.00  -18312.70
20100317    TMA Buy  1 138.00000       0.00       0.00
20100402   L-MMLoss  1 134.96880   -3131.20  -21443.90
20100406  TMA Short  1 134.50000       0.00       0.00
20100421   S-MMLoss  1 137.68750   -3287.50  -24731.40
20100430    TMA Buy  1 139.15630       0.00       0.00
20100930  Lavg1<avg  1 155.78130   16525.00   -8206.40
20101008    TMA Buy  1 156.37500       0.00       0.00
20101015   L-MMLoss  1 153.09380   -3381.20  -11587.60
20101018    TMA Buy  1 154.21880       0.00       0.00
20101102  Lavg1<avg  1 153.75000    -568.80  -12156.40
20101201  TMA Short  1 148.34380       0.00       0.00
20110309  S-avg1>av  1 144.43750    3806.30   -8350.10
20110412    TMA Buy  1 144.43750       0.00       0.00
20110414  Lavg1<avg  1 144.78130     243.80   -8106.30
20110503    TMA Buy  1 148.18750       0.00       0.00
20110718  Lavg1<avg  1 152.09380    3806.30   -4300.00
20110728    TMA Buy  1 152.46880       0.00       0.00
20111024  Lavg1<avg  1 165.78130   13212.50    8912.50
20111118    TMA Buy  1 170.46880       0.00       0.00
20120130  Lavg1<avg  1 172.56250    1993.70   10906.20
20120202    TMA Buy  1 172.53130       0.00       0.00
20120203  Lavg1<avg  1 170.34380   -2287.50    8618.70
20120316  TMA Short  1 165.81250       0.00       0.00
20120406   S-MMLoss  1 169.62500   -3912.50    4706.20
20120409  TMA Short  1 169.96880       0.00       0.00
20120419  S-avg1>av  1 171.59380   -1725.00    2981.20
20120515    TMA Buy  1 175.78130       0.00       0.00
20120816  Lavg1<avg  1 175.53130    -350.00    2631.20
20120919  TMA Short  1 175.46880       0.00       0.00
20120926   S-MMLoss  1 178.90630   -3537.50    -906.30
20120927  TMA Short  1 178.53130       0.00       0.00
20121017  S-avg1>av  1 175.68750    2743.80    1837.50
20121025  TMA Short  1 175.75000       0.00       0.00
20121031  S-avg1>av  1 178.34380   -2693.80    -856.30
20121109  TMA Short  1 180.65630       0.00       0.00
20121112  S-avg1>av  1 180.68750    -131.20    -987.50
20121203    TMA Buy  1 180.09380       0.00       0.00
20121218   L-MMLoss  1 176.31250   -3881.30   -4868.80
20121219    TMA Buy  1 176.93750       0.00       0.00
20121220  Lavg1<avg  1 176.87500    -162.50   -5031.30
20130117  TMA Short  1 175.56250       0.00       0.00
20130314  S-avg1>av  1 173.18750    2275.00   -2756.30
20130419    TMA Buy  1 180.00000       0.00       0.00
20130510   L-MMLoss  1 176.87500   -3225.00   -5981.30
20130513    TMA Buy  1 176.50000       0.00       0.00
20130520  Lavg1<avg  1 175.62500    -975.00   -6956.30
20130619  TMA Short  1 170.90630       0.00       0.00
20131001  S-avg1>av  1 167.34380    3462.50   -3493.80
20131031    TMA Buy  1 169.15630       0.00       0.00
20131108   L-MMLoss  1 166.09380   -3162.50   -6656.30
20131111    TMA Buy  1 165.81250       0.00       0.00
20131120  Lavg1<avg  1 165.37500    -537.50   -7193.80
20131224  TMA Short  1 164.50000       0.00       0.00
20140123   S-MMLoss  1 168.12500   -3725.00  -10918.80
20140218    TMA Buy  1 169.12500       0.00       0.00
20140624  Lavg1<avg  1 174.15630    4931.30   -5987.50
20140711    TMA Buy  1 175.50000       0.00       0.00
20140922  Lavg1<avg  1 176.31250     712.50   -5275.00
20141013    TMA Buy  1 181.59380       0.00       0.00
20141121  Lavg1<avg  1 181.56250    -131.30   -5406.30
20141204    TMA Buy  1 182.84380       0.00       0.00
20150224  Lavg1<avg  1 187.15630    4212.50   -1193.80
20150330    TMA Buy  1 189.65630       0.00       0.00
20150429   L-MMLoss  1 186.06250   -3693.80   -4887.60
20150430    TMA Buy  1 185.78130       0.00       0.00
20150501  Lavg1<avg  1 183.81250   -2068.80   -6956.40
20150514  TMA Short  1 179.18750       0.00       0.00
20150526   S-MMLoss  1 182.40630   -3318.80  -10275.20
20150527  TMA Short  1 182.75000       0.00       0.00
20150722  S-avg1>av  1 180.93750    1712.50   -8562.70
20150825    TMA Buy  1 185.46880       0.00       0.00
20150915   L-MMLoss  1 181.65630   -3912.50  -12475.20
20151008    TMA Buy  1 185.65630       0.00       0.00
20151106   L-MMLoss  1 181.56250   -4193.80  -16669.00
20151109    TMA Buy  1 181.34380       0.00       0.00
20151110  Lavg1<avg  1 181.84380     400.00  -16269.00
20151209  TMA Short  1 186.12500       0.00       0.00
20151214  S-avg1>av  1 186.09380     -68.80  -16337.80
20160112    TMA Buy  1 188.21880       0.00       0.00
20160322  Lavg1<avg  1 193.90630    5587.50  -10750.30
