Testing from : 20080428 to: 20160404
------------------------------------------------------------------------
SysName         Market TotProfit  MaxDD AvgWin AvgLoss PerWins TotTrades
TripleMA        W2        -26650  36825   2614   -2312    0.37        52
TripleMA        SI        -75324 183960  10318   -4145    0.22        81
TripleMA        SM          2849  15770   3501   -1710    0.34        41
TripleMA        SP         -9200 246650  31897   -8070    0.20       120
TripleMA        TU0_E0B.TXT     -3897   3898      0     -99    0.00        39
TripleMA        TY         -5628  19113   2838   -1526    0.32        38
TripleMA        US        -10750  35306   3955   -2386    0.35        55
------------------------------------------------------------------------
Totals                   -128600 351779
-------------------------------------------------------------------
Combined Monthly Return
Date         Profit Cum.Profit
-------------------------------------------------------------------
20080430       -395       -395
20080530      -4816      -5211
20080630     -44080     -49291
20080731     -31944     -81235
20080829     -17533     -98768
20080930      17387     -81380
20081031     118560      37180
20081128      42935      80115
20081231      10374      90490
20090130      10256     100746
20090227      45003     145748
20090331     -33584     112165
20090430     -19350      92815
20090529       -544      92270
20090630     -11418      80853
20090731     -25169      55684
20090831      11977      67660
20090930      29512      97172
20091030     -17702      79470
20091130      45675     125144
20091231     -10489     114656
20100129     -29834      84822
20100226     -17826      66996
20100331      12325      79321
20100430       6678      85998
20100528       -893      85105
20100630      33726     118831
20100730     -34438      84394
20100831       7591      91985
20100930     -37760      54224
20101029      20029      74253
20101130      12010      86263
20101231      53485     139748
20110131      -2514     137234
20110228      19892     157126
20110331      -9164     147962
20110429      75217     223179
20110531     -72189     150990
20110630     -21378     129612
20110729     -18194     111417
20110831      11499     122917
20110930      15266     138182
20111031    -103285      34897
20111130      47642      82539
20111230      26126     108665
20120131       -252     108412
20120229      25048     133461
20120330      -1770     131691
20120430     -19258     112433
20120531       9752     122186
20120629     -44870      77315
20120731      17563      94879
20120831      -2036      92843
20120928      15404     108246
20121031     -33346      74900
20121130       4437      79337
20121231     -26099      53239
20130131       8639      61877
20130228      11013      72890
20130328      31417     104308
20130430      32616     136924
20130531      23897     160821
20130628      -1163     159658
20130731        511     160169
20130830     -40885     119284
20130930     -19265     100018
20131031      46978     146996
20131129      12851     159847
20131231      26195     186041
20140131     -39092     146949
20140228     -23512     123438
20140331       7207     130645
20140430       4129     134774
20140530       8504     143278
20140630       2844     146122
20140731     -16678     129444
20140829       1308     130752
20140930      -9377     121374
20141031     -33169      88205
20141128       5779      93984
20141231     -37553      56431
20150130       -358      56073
20150227      -7261      48811
20150331     -20906      27905
20150430     -16536      11369
20150529      -2877       8493
20150630      12172      20665
20150731      -7935      12730
20150831     -26089     -13359
20150930      17461       4102
20151030     -40498     -36396
20151130      -9529     -45925
20151231     -16113     -62038
20160129     -40634    -102672
20160229       6204     -96468
20160331     -29532    -126001
20160404      -2600    -128601
