Testing from : 20120413 to: 20160401
---------------------------------------------------------------------------------
SysName         Market TotProfit  MaxDD ClsTrdDD AvgWin AvgLoss PerWins TotTrades
XavgCross       CT        -36590  45375   41175    189    -536    1.20       179
XavgCross       AD        -18310  29030   23430    302    -620    1.21       148
XavgCross       BO        -16063  18197   18197    165    -395    1.20       139
XavgCross       BP         -6200  17468   15487    280    -522    1.24       132
XavgCross       C2        -17187  28237   26237    234    -500    1.20       142
XavgCross       CC        -20230  27960   26640    163    -445    1.24       152
XavgCross       CD         -3069  22739   18789    265    -495    1.27       116
XavgCross       CL        -18300  59770   56890    848   -1460    1.21       147
---------------------------------------------------------------------------------
Totals                   -135951 156436
-------------------------------------------------------------------
Combined Monthly Return
Date         Profit Cum.Profit
-------------------------------------------------------------------
20120430      -8018      -8018
20120531       8400        381
20120629     -11156     -10775
20120731      -8251     -19026
20120831      -9863     -28889
20120928      -2920     -31809
20121031     -13421     -45230
20121130     -19333     -64563
20121231       1883     -62680
20130131       5311     -57369
20130228      -1185     -58554
20130328      -7719     -66273
20130430      -6226     -72498
20130531      -9680     -82178
20130628      -4471     -86648
20130731      -2110     -88759
20130830      -8789     -97548
20130930       -223     -97771
20131031       2122     -95648
20131129        674     -94975
20131231      -4720     -99695
20140131      -5870    -105565
20140228       4988    -100577
20140331      -4717    -105294
20140430     -11084    -116378
20140530       5197    -111181
20140630       6626    -104555
20140731      12089     -92466
20140829       2117     -90349
20140930      -7746     -98096
20141031      -2397    -100493
20141128       6696     -93797
20141231       6289     -87508
20150130      11389     -76119
20150227     -20792     -96911
20150331      -4397    -101308
20150430       4872     -96436
20150529      -9243    -105679
20150630     -14210    -119889
20150731      16578    -103311
20150831      -2929    -106240
20150930     -21698    -127938
20151030     -12726    -140664
20151130      -4192    -144856
20151231      -2680    -147536
20160129      12190    -135345
20160229      -9236    -144581
20160331       7351    -137230
20160401       1278    -135952
