------------------------------
Sys Name : XavgCross
Mkt Symb : CT
Profit/Loss : -36590.0
Num Trades : 179
Percent Wins : 1.196
Avg Win  : 189.32
Avg Loss : -536.15
Avg Trade: -204.41
MAX DrawDown: 45375.0
------------------------------
20120430      -2850      -2850
20120531       8925       6075
20120629      -5230        845
20120731      -3895      -3050
20120831      -1820      -4870
20120928         -5      -4875
20121031        420      -4455
20121130      -1580      -6035
20121231        -65      -6100
20130131       2765      -3335
20130228      -3165      -6500
20130328        635      -5865
20130430      -2020      -7885
20130531       -465      -8350
20130628      -2900     -11250
20130731      -4065     -15315
20130830       3165     -12150
20130930      -1110     -13260
20131031       1725     -11535
20131129      -1095     -12630
20131231       2645      -9985
20140131      -1975     -11960
20140228       -935     -12895
20140331      -1780     -14675
20140430      -6860     -21535
20140530       2170     -19365
20140630        700     -18665
20140731       5320     -13345
20140829      -1190     -14535
20140930        380     -14155
20141031      -1870     -16025
20141128      -2180     -18205
20141231      -3065     -21270
20150130       -955     -22225
20150227       2595     -19630
20150331       -745     -20375
20150430       -155     -20530
20150529      -2705     -23235
20150630      -3680     -26915
20150731      -1660     -28575
20150831       -235     -28810
20150930       1280     -27530
20151030      -2470     -30000
20151130      -1405     -31405
20151231      -1830     -33235
20160129       -675     -33910
20160229        -10     -33920
20160331      -3050     -36970
20160401        380     -36590
------------------------------
------------------------------
Sys Name : XavgCross
Mkt Symb : AD
Profit/Loss : -18310.0
Num Trades : 148
Percent Wins : 1.209
Avg Win  : 302.4
Avg Loss : -620.0
Avg Trade: -123.72
MAX DrawDown: 29030.0
------------------------------
20120430      -1370      -1370
20120531       6410       5040
20120629      -5240       -200
20120731      -2150      -2350
20120831      -3990      -6340
20120928      -4220     -10560
20121031      -2130     -12690
20121130      -1140     -13830
20121231         40     -13790
20130131       -910     -14700
20130228       1920     -12780
20130328        -90     -12870
20130430      -2160     -15030
20130531       6170      -8860
20130628       3920      -4940
20130731      -2670      -7610
20130830        240      -7370
20130930       1240      -6130
20131031       1840      -4290
20131129       -670      -4960
20131231       1550      -3410
20140131      -1470      -4880
20140228      -1950      -6830
20140331       1840      -4990
20140430        -80      -5070
20140530      -1100      -6170
20140630        540      -5630
20140731      -1250      -6880
20140829      -1600      -8480
20140930       3150      -5330
20141031       -840      -6170
20141128         30      -6140
20141231       3210      -2930
20150130       -360      -3290
20150227      -3600      -6890
20150331      -3980     -10870
20150430       -850     -11720
20150529       2550      -9170
20150630      -4480     -13650
20150731       4090      -9560
20150831      -3500     -13060
20150930        780     -12280
20151030       -310     -12590
20151130      -2950     -15540
20151231      -6480     -22020
20160129        530     -21490
20160229      -1450     -22940
20160331       4610     -18330
20160401         20     -18310
------------------------------
------------------------------
Sys Name : XavgCross
Mkt Symb : BO
Profit/Loss : -16064.0
Num Trades : 139
Percent Wins : 1.201
Avg Win  : 165.78
Avg Loss : -395.05
Avg Trade: -115.57
MAX DrawDown: 18198.0
------------------------------
20120430      -1096      -1096
20120531      -3768      -4864
20120629       -126      -4990
20120731      -1204      -6194
20120831       2846      -3348
20120928       -396      -3744
20121031       -232      -3976
20121130        824      -3152
20121231       -628      -3780
20130131        592      -3188
20130228       -486      -3674
20130328      -1166      -4840
20130430      -1152      -5992
20130531      -2312      -8304
20130628        412      -7892
20130731       1452      -6440
20130830      -3230      -9670
20130930        902      -8768
20131031      -1074      -9842
20131129      -1664     -11506
20131231        990     -10516
20140131        894      -9622
20140228       1514      -8108
20140331       1322      -6786
20140430      -1678      -8464
20140530       2166      -6298
20140630         -2      -6300
20140731       1650      -4650
20140829       2556      -2094
20140930      -1114      -3208
20141031      -3222      -6430
20141128      -1392      -7822
20141231      -1416      -9238
20150130         68      -9170
20150227      -1556     -10726
20150331      -1436     -12162
20150430      -1124     -13286
20150529      -2032     -15318
20150630      -1012     -16330
20150731       -416     -16746
20150831       1284     -15462
20150930        638     -14824
20151030       -912     -15736
20151130       -180     -15916
20151231       -706     -16622
20160129      -1042     -17664
20160229        -88     -17752
20160331       1550     -16202
20160401        138     -16064
------------------------------
------------------------------
Sys Name : XavgCross
Mkt Symb : BP
Profit/Loss : -6200.0
Num Trades : 132
Percent Wins : 1.242
Avg Win  : 280.11
Avg Loss : -522.38
Avg Trade: -46.97
MAX DrawDown: 17468.75
------------------------------
20120430      -2100      -2100
20120531       5113       3013
20120629      -1700       1312
20120731       -438        875
20120831       1281       2156
20120928       1631       3788
20121031      -4519       -731
20121130         38       -694
20121231        981        288
20130131       -419       -131
20130228       4256       4125
20130328       -975       3150
20130430      -1681       1469
20130531        812       2281
20130628       1625       3906
20130731         12       3919
20130830        931       4850
20130930       3375       8225
20131031      -3731       4494
20131129        563       5056
20131231      -1300       3756
20140131      -2094       1663
20140228       1744       3406
20140331       -444       2963
20140430        894       3856
20140530      -1081       2775
20140630        725       3500
20140731        906       4406
20140829       1969       6375
20140930        238       6613
20141031      -1950       4663
20141128       -138       4525
20141231      -3262       1263
20150130       1706       2969
20150227        931       3900
20150331       1144       5044
20150430       1781       6825
20150529        656       7481
20150630       1638       9119
20150731      -3144       5975
20150831      -2988       2988
20150930      -1006       1981
20151030      -5269      -3287
20151130      -1600      -4887
20151231       -469      -5356
20160129       3075      -2281
20160229       -525      -2806
20160331      -2319      -5125
20160401      -1075      -6200
------------------------------
------------------------------
Sys Name : XavgCross
Mkt Symb : C2
Profit/Loss : -17187.5
Num Trades : 142
Percent Wins : 1.197
Avg Win  : 234.12
Avg Loss : -500.77
Avg Trade: -121.04
MAX DrawDown: 28237.5
------------------------------
20120430       -362       -362
20120531      -1500      -1862
20120629       1850        -12
20120731       8525       8512
20120831      -1850       6662
20120928        550       7212
20121031      -4750       2462
20121130       -475       1988
20121231       1075       3062
20130131        962       4025
20130228       -550       3475
20130328      -2212       1262
20130430        238       1500
20130531      -6325      -4825
20130628      -3338      -8162
20130731        150      -8012
20130830      -5475     -13488
20130930       1250     -12238
20131031        662     -11575
20131129       -200     -11775
20131231      -1275     -13050
20140131      -2875     -15925
20140228       1175     -14750
20140331       1925     -12825
20140430        200     -12625
20140530       1112     -11512
20140630       2312      -9200
20140731       2912      -6288
20140829       -638      -6925
20140930       2200      -4725
20141031        125      -4600
20141128      -2125      -6725
20141231       -738      -7462
20150130      -1650      -9112
20150227      -2912     -12025
20150331      -1650     -13675
20150430        450     -13225
20150529       -512     -13738
20150630        575     -13162
20150731        788     -12375
20150831      -1250     -13625
20150930       -300     -13925
20151030      -1075     -15000
20151130       -688     -15688
20151231      -1525     -17212
20160129        112     -17100
20160229       -462     -17562
20160331        500     -17062
20160401       -125     -17188
------------------------------
------------------------------
Sys Name : XavgCross
Mkt Symb : CC
Profit/Loss : -20230.0
Num Trades : 152
Percent Wins : 1.243
Avg Win  : 163.23
Avg Loss : -445.04
Avg Trade: -133.09
MAX DrawDown: 27960.0
------------------------------
20120430        190        190
20120531        460        650
20120629       -930       -280
20120731      -1170      -1450
20120831       1740        290
20120928       -720       -430
20121031        300       -130
20121130      -1660      -1790
20121231        460      -1330
20130131      -1630      -2960
20130228      -1460      -4420
20130328       -390      -4810
20130430        820      -3990
20130531       -850      -4840
20130628        530      -4310
20130731      -1540      -5850
20130830       -540      -6390
20130930        740      -5650
20131031      -1050      -6700
20131129      -1210      -7910
20131231      -4350     -12260
20140131       -960     -13220
20140228        -90     -13310
20140331      -2860     -16170
20140430      -1490     -17660
20140530        550     -17110
20140630      -1510     -18620
20140731      -1180     -19800
20140829       -320     -20120
20140930        750     -19370
20141031      -2350     -21720
20141128        580     -21140
20141231      -2810     -23950
20150130         50     -23900
20150227       -260     -24160
20150331       1650     -22510
20150430      -1480     -23990
20150529       1420     -22570
20150630        430     -22140
20150731        660     -21480
20150831       -180     -21660
20150930        450     -21210
20151030       -630     -21840
20151130      -1070     -22910
20151231       -140     -23050
20160129       4500     -18550
20160229      -2480     -21030
20160331        110     -20920
20160401        690     -20230
------------------------------
------------------------------
Sys Name : XavgCross
Mkt Symb : CD
Profit/Loss : -3070.0
Num Trades : 116
Percent Wins : 1.267
Avg Win  : 265.03
Avg Loss : -495.65
Avg Trade: -26.47
MAX DrawDown: 22740.0
------------------------------
20120430      -2020      -2020
20120531       4400       2380
20120629      -1570        810
20120731      -1460       -650
20120831      -1750      -2400
20120928       -740      -3140
20121031      -1510      -4650
20121130      -1900      -6550
20121231       -150      -6700
20130131      -1240      -7940
20130228       2460      -5480
20130328      -1390      -6870
20130430       -150      -7020
20130531        680      -6340
20130628        620      -5720
20130731        -50      -5770
20130830       -450      -6220
20130930       -370      -6590
20131031      -2500      -9090
20131129        740      -8350
20131231      -1690     -10040
20140131       2580      -7460
20140228      -1900      -9360
20140331      -3250     -12610
20140430       -690     -13300
20140530        930     -12370
20140630        820     -11550
20140731       -330     -11880
20140829       -930     -12810
20140930      -1260     -14070
20141031      -2220     -16290
20141128      -2500     -18790
20141231       1240     -17550
20150130       7160     -10390
20150227      -3330     -13720
20150331       -980     -14700
20150430        880     -13820
20150529       1230     -12590
20150630       -550     -13140
20150731       3620      -9520
20150831      -2340     -11860
20150930        110     -11750
20151030       -290     -12040
20151130        440     -11600
20151231       2540      -9060
20160129        600      -8460
20160229       2650      -5810
20160331       3040      -2770
20160401       -300      -3070
------------------------------
------------------------------
Sys Name : XavgCross
Mkt Symb : CL
Profit/Loss : -18300.0
Num Trades : 147
Percent Wins : 1.211
Avg Win  : 848.31
Avg Loss : -1460.34
Avg Trade: -124.49
MAX DrawDown: 59770.0
------------------------------
20120430       1590       1590
20120531     -11640     -10050
20120629       1790      -8260
20120731      -6460     -14720
20120831      -6320     -21040
20120928        980     -20060
20121031      -1000     -21060
20121130     -13440     -34500
20121231        170     -34330
20130131       5190     -29140
20130228      -4160     -33300
20130328      -2130     -35430
20130430       -120     -35550
20130531      -7390     -42940
20130628      -5340     -48280
20130731       4600     -43680
20130830      -3430     -47110
20130930      -6250     -53360
20131031       6250     -47110
20131129       4210     -42900
20131231      -1290     -44190
20140131         30     -44160
20140228       5430     -38730
20140331      -1470     -40200
20140430      -1380     -41580
20140530        450     -41130
20140630       3040     -38090
20140731       4060     -34030
20140829       2270     -31760
20140930     -12090     -43850
20141031       9930     -33920
20141128      14420     -19500
20141231      13130      -6370
20150130       5370      -1000
20150227     -12660     -13660
20150331       1600     -12060
20150430       5370      -6690
20150529      -9850     -16540
20150630      -7130     -23670
20150731      12640     -11030
20150831       6280      -4750
20150930     -23650     -28400
20151030      -1770     -30170
20151130       3260     -26910
20151231       5930     -20980
20160129       5090     -15890
20160229      -6870     -22760
20160331       2910     -19850
20160401       1550     -18300
------------------------------
